,Unnamed: 0,Unnamed: 0.1,Unnamed: 0.1.1,block_num,tx_index,tx_hash,entrypoint,signature
4481455,4481455,385718.0,,11411947,23.0,0x562369edfc5121111d1faf25eb0ec964b5292942dd067574719c1e7a5fe3b5b3,0x02cd698b085cd7581a31edb84f560f4d3391d7fb,['0902f1ac'
4482444,4482444,386707.0,,11411983,188.0,0xd02baca8b52acc2298af92e3f4130e56ebe3f42eda325b6f506788b2866eca3e,0x02cd698b085cd7581a31edb84f560f4d3391d7fb,['0902f1ac'
4921790,4921790,385718.0,,11411947,23.0,0x562369edfc5121111d1faf25eb0ec964b5292942dd067574719c1e7a5fe3b5b3,0x02cd698b085cd7581a31edb84f560f4d3391d7fb,['0902f1ac'
4922779,4922779,386707.0,,11411983,188.0,0xd02baca8b52acc2298af92e3f4130e56ebe3f42eda325b6f506788b2866eca3e,0x02cd698b085cd7581a31edb84f560f4d3391d7fb,['0902f1ac'
5362125,5362125,385718.0,,11411947,23.0,0x562369edfc5121111d1faf25eb0ec964b5292942dd067574719c1e7a5fe3b5b3,0x02cd698b085cd7581a31edb84f560f4d3391d7fb,['0902f1ac'
5363114,5363114,386707.0,,11411983,188.0,0xd02baca8b52acc2298af92e3f4130e56ebe3f42eda325b6f506788b2866eca3e,0x02cd698b085cd7581a31edb84f560f4d3391d7fb,['0902f1ac'
5802460,5802460,385718.0,,11411947,23.0,0x562369edfc5121111d1faf25eb0ec964b5292942dd067574719c1e7a5fe3b5b3,0x02cd698b085cd7581a31edb84f560f4d3391d7fb,['0902f1ac'
5803449,5803449,386707.0,,11411983,188.0,0xd02baca8b52acc2298af92e3f4130e56ebe3f42eda325b6f506788b2866eca3e,0x02cd698b085cd7581a31edb84f560f4d3391d7fb,['0902f1ac'
6242795,6242795,385718.0,,11411947,23.0,0x562369edfc5121111d1faf25eb0ec964b5292942dd067574719c1e7a5fe3b5b3,0x02cd698b085cd7581a31edb84f560f4d3391d7fb,['0902f1ac'
6243784,6243784,386707.0,,11411983,188.0,0xd02baca8b52acc2298af92e3f4130e56ebe3f42eda325b6f506788b2866eca3e,0x02cd698b085cd7581a31edb84f560f4d3391d7fb,['0902f1ac'
6683130,6683130,385718.0,,11411947,23.0,0x562369edfc5121111d1faf25eb0ec964b5292942dd067574719c1e7a5fe3b5b3,0x02cd698b085cd7581a31edb84f560f4d3391d7fb,['0902f1ac'
6684119,6684119,386707.0,,11411983,188.0,0xd02baca8b52acc2298af92e3f4130e56ebe3f42eda325b6f506788b2866eca3e,0x02cd698b085cd7581a31edb84f560f4d3391d7fb,['0902f1ac'
7123465,385718,,,11411947,23.0,0x562369edfc5121111d1faf25eb0ec964b5292942dd067574719c1e7a5fe3b5b3,0x02cd698b085cd7581a31edb84f560f4d3391d7fb,['0902f1ac'
7124454,386707,,,11411983,188.0,0xd02baca8b52acc2298af92e3f4130e56ebe3f42eda325b6f506788b2866eca3e,0x02cd698b085cd7581a31edb84f560f4d3391d7fb,['0902f1ac'
