,Unnamed: 0,block_num,tx_index,tx_hash,entrypoint,signature
5742,,11450226,23,0xa85726b73ef1179ac3d800a81b12e0cdda7970e007c85e62328e76cb243f282d,0x211a6d4d4f49c0c5814451589d6378fda614adb9,['0902f1ac'
38264,,11451434,66,0xe13446c2c835282af435acc86de7a3a78ccbb7f6fd3440e6418eda07a5225ff2,0x211a6d4d4f49c0c5814451589d6378fda614adb9,['0902f1ac'
155428,,11455554,66,0xafbc485d5d4ac8ed87082c93a4cab489bd1c12d18492f6aa5562f869d1f0c2dc,0x211a6d4d4f49c0c5814451589d6378fda614adb9,['0902f1ac'
274785,,11459936,159,0x2668e4ac25a5332785cf1f67648acfd184c665831fd088325121088cbbd19a46,0x211a6d4d4f49c0c5814451589d6378fda614adb9,['0902f1ac'
611960,,11474092,6,0xabe40d3bebc9a171c3ae9d8146ebeae801e2c672faaeca58b8b5b6a3f2fd4789,0x211a6d4d4f49c0c5814451589d6378fda614adb9,['0902f1ac'
