,Unnamed: 0,Unnamed: 0.1,Unnamed: 0.1.1,block_num,tx_index,tx_hash,entrypoint,signature
3852139,3852139,3852139.0,,11299477,46.0,0x500aa605ba271b4062e6dfbd5785bdb569e5a3c6d19c7bffc7c7f53442a17e12,0x81403f1f24f2cf98ce039c919d04af6701f7d67b,['0902f1ac'
