,Unnamed: 0,block_num,tx_index,tx_hash,entrypoint,signature
10257,,11450417,95,0xc4db7429139a7ff88053ef8ab550a72407e945d742af1e4751b6e6c83bdb8e3a,0xbbc81d23ea2c3ec7e56d39296f0cbb648873a5d3,['0902f1ac'
71090,,11452574,36,0xd1a588da40b51534c02e38cea11652e3b8627e568b67590de7716604c3e9a090,0xbbc81d23ea2c3ec7e56d39296f0cbb648873a5d3,['0902f1ac'
71099,,11452574,69,0xca784dc976b6e760c0f38d675628abad53eaaf79ef6ca02297d90cb3421e15dc,0xbbc81d23ea2c3ec7e56d39296f0cbb648873a5d3,['0902f1ac'
71772,,11452595,55,0x921f2bcb05daac199091390e083452aac0a27ad51a56290fea886d44e85ca159,0xbbc81d23ea2c3ec7e56d39296f0cbb648873a5d3,['0902f1ac'
87642,,11453153,108,0xcaca9d23c2b16c33b6cc2db5a43d6c6ed0bf62257ea96aee251b5ed64f845d98,0xbbc81d23ea2c3ec7e56d39296f0cbb648873a5d3,['0902f1ac'
96561,,11453459,13,0xde6db8c964080628fd7a643f0772b41f16af46b88d04a66da474ff97a7627d9c,0xbbc81d23ea2c3ec7e56d39296f0cbb648873a5d3,['0902f1ac'
243965,,11458788,34,0x60d1b3c3c180a888f96a4427a10c7880c2e7445f7f12b2f59084e461b6d57c59,0xbbc81d23ea2c3ec7e56d39296f0cbb648873a5d3,['0902f1ac'
342980,,11462727,122,0xe970f5836f26b61ea3e101638a3c599e869aef99288238a0e87d76b687f15bb5,0xbbc81d23ea2c3ec7e56d39296f0cbb648873a5d3,['0902f1ac'
352419,,11463160,85,0xfc4e4e1d41c38ba856f0f2d2ee149fccb0f6da6bce3091741a4dc31545b82957,0xbbc81d23ea2c3ec7e56d39296f0cbb648873a5d3,['0902f1ac'
383668,,11464429,147,0xfd14609021b0099fed646203490ee92e0e3182707cbe9c387fcf9120f92c9f27,0xbbc81d23ea2c3ec7e56d39296f0cbb648873a5d3,['0902f1ac'
478392,,11468523,32,0x88973b94fa9ad4ec7a3cf1b2aae8604b28b863d8db40f73339658639e42e9549,0xbbc81d23ea2c3ec7e56d39296f0cbb648873a5d3,['0902f1ac'
479907,,11468597,131,0x928cfc0278cd8c3789de96d0c6150f87dfdd141dcc453d5287462a69b845f878,0xbbc81d23ea2c3ec7e56d39296f0cbb648873a5d3,['0902f1ac'
480372,,11468620,104,0xb8f132a9b3178ded81dd2e8bd77b147a137eb0b7fed47b3e23456f005acd165a,0xbbc81d23ea2c3ec7e56d39296f0cbb648873a5d3,['0902f1ac'
484400,,11468837,77,0x74e4d748c0a6369cf35a7c8577958fbd88705dd24f2b60a4c56aa2802a6eacb9,0xbbc81d23ea2c3ec7e56d39296f0cbb648873a5d3,['0902f1ac'
519713,,11470778,95,0x9e1b89b370b4dceae8f9cac90bbf839a805b278562de11cbfd7dde0d049747b8,0xbbc81d23ea2c3ec7e56d39296f0cbb648873a5d3,['0902f1ac'
628086,,11474877,37,0x78ed1b1b45e252790ac045d1f6a4342a33dcb02e0f006ffde12077f277bd377d,0xbbc81d23ea2c3ec7e56d39296f0cbb648873a5d3,['0902f1ac'
635794,,11475214,155,0x5a4136fd9ac26d4669187b11eca6f080395fb3ac8c46c5a7c1445d4e14a0a377,0xbbc81d23ea2c3ec7e56d39296f0cbb648873a5d3,['0902f1ac'
645965,,11475716,128,0x0e243b2ac38f65da255570924998f7d2e41e2ed2daa51cb7556bbe363279febf,0xbbc81d23ea2c3ec7e56d39296f0cbb648873a5d3,['0902f1ac'
647711,,11475819,52,0x0bd03a4853fb7b03f4e54946db971b784c28aeccce484d0cb1689a768eade5ea,0xbbc81d23ea2c3ec7e56d39296f0cbb648873a5d3,['0902f1ac'
654773,,11476177,45,0xa9cec91e7f3109bc65c349edf395a5a2f89be5376336d4cb46637f0760a2279f,0xbbc81d23ea2c3ec7e56d39296f0cbb648873a5d3,['0902f1ac'
656473,,11476253,259,0xa1962664a4c66129cc09c94686a35ecb4350ca289ba43410e4a35e2c9c76cafd,0xbbc81d23ea2c3ec7e56d39296f0cbb648873a5d3,['0902f1ac'
664418,,11476614,48,0x416008056aade7a598f6cd89215ccd5c0938dc425e28f00611660f2ac14cd294,0xbbc81d23ea2c3ec7e56d39296f0cbb648873a5d3,['0902f1ac'
666603,,11476705,131,0xa1c24221961148219e3763f6578c50cb787791093967dfb7fe0c791e806e0913,0xbbc81d23ea2c3ec7e56d39296f0cbb648873a5d3,['0902f1ac'
680823,,11477330,110,0x8de4359757361070f6091d184a8f0469299d8d856c1a0ea99857f1e6123a2ecd,0xbbc81d23ea2c3ec7e56d39296f0cbb648873a5d3,['0902f1ac'
699868,,11478057,46,0xe8a6485b5f6e7fd91ff5542840fa0e53eb8f8870430890b2542d23a59295ab40,0xbbc81d23ea2c3ec7e56d39296f0cbb648873a5d3,['0902f1ac'
1004063,,11489747,195,0x642c83577cce1a70aec74acff7e3dbfe13c795ba060ed4e6de43d851d828c2eb,0xbbc81d23ea2c3ec7e56d39296f0cbb648873a5d3,['0902f1ac'
1008160,,11489919,54,0x7010d81afb744c37186ed1e544861440877266b91083ec64055269d1fa7a7ded,0xbbc81d23ea2c3ec7e56d39296f0cbb648873a5d3,['0902f1ac'
