,Unnamed: 0,Unnamed: 0.1,Unnamed: 0.1.1,block_num,tx_index,tx_hash,entrypoint,signature
865022,865022,865022.0,,11256603,36.0,0xe3a40a765cd98b504497e600e8e85117b0c4cb100c3049d6fd7c2fa00976b5f9,0xc96ea19a7bd3d4f04d6d67e20cde88e88352fd14,['0902f1ac'
978087,978087,978087.0,,11157903,82.0,0x24815c79bf93490f9969ddd1e89a59320b14fd7b2d94356d6d1e6575a8a54f11,0xc96ea19a7bd3d4f04d6d67e20cde88e88352fd14,['0902f1ac'
1002950,1002950,1002950.0,,11208447,127.0,0xb7402c9ebee042bc0ee750bf8f2d53dbca8199b4f0ecb97270b225cad55cedac,0xc96ea19a7bd3d4f04d6d67e20cde88e88352fd14,['0902f1ac'
1283437,1283437,1283437.0,,11162247,156.0,0x82bedfd1a59ec96891885f30c255718c93eb17fcc52e5e0e964299d7221449ef,0xc96ea19a7bd3d4f04d6d67e20cde88e88352fd14,['0902f1ac'
1405799,1405799,1405799.0,,11214097,128.0,0xbf0039fa1662ba68275bf79fede7f255720dd96c99cfec815e70a33f866260f3,0xc96ea19a7bd3d4f04d6d67e20cde88e88352fd14,['0902f1ac'
1701853,1701853,1701853.0,,11168244,29.0,0x68881cdb6098e4ab3b1184d778770e4c313d1abff26ad599756e4e7396a9d521,0xc96ea19a7bd3d4f04d6d67e20cde88e88352fd14,['0902f1ac'
1721972,1721972,1721972.0,,11268694,11.0,0x987ecbdfd9d2465b3bf97db1b8c9099974707940fffc5ab7dc585c7f027ba740,0xc96ea19a7bd3d4f04d6d67e20cde88e88352fd14,['0902f1ac'
1857142,1857142,1857142.0,,11220632,94.0,0x0e83b7cb5ac9e6a24b815812f629ccae22ecefdee197352b621854002364c610,0xc96ea19a7bd3d4f04d6d67e20cde88e88352fd14,['0902f1ac'
1924250,1924250,1924250.0,,11271424,223.0,0xba6af90de0e227000dd9576c1c1fed8ad324870b8a0ee4084c82805e4c6b2345,0xc96ea19a7bd3d4f04d6d67e20cde88e88352fd14,['0902f1ac'
2256977,2256977,2256977.0,,11175954,23.0,0xb5390745d40189d16734c4336cd677a08dddd6161eeab7c40686f2b2a469fb62,0xc96ea19a7bd3d4f04d6d67e20cde88e88352fd14,['0902f1ac'
2339777,2339777,2339777.0,,11227346,45.0,0x40c6c232dc24e5f1c985fa1833c94918374b9dfccc11560dd27e996dce8afd9c,0xc96ea19a7bd3d4f04d6d67e20cde88e88352fd14,['0902f1ac'
2646993,2646993,2646993.0,,11181289,97.0,0x814fb7c91cf4a60d8b7f157d392b19597c7170a498022df55ee3f0de73ed2f34,0xc96ea19a7bd3d4f04d6d67e20cde88e88352fd14,['0902f1ac'
2832117,2832117,2832117.0,,11234213,41.0,0x369d64114be47e05d2df4cdbf31564083c58e12248ee1a2cfcf46929561f4323,0xc96ea19a7bd3d4f04d6d67e20cde88e88352fd14,['0902f1ac'
3080846,3080846,3080846.0,,11187942,135.0,0xbf1f477c2a109c6255f121cbcc32659390641a54e89bf6a36ffef2b6b21bdf8b,0xc96ea19a7bd3d4f04d6d67e20cde88e88352fd14,['0902f1ac'
3273219,3273219,3273219.0,,11241391,37.0,0xb50344d8c3366d3c208d8a237e3da3effa07ce86ea24c20bc615dc5b720b5e4a,0xc96ea19a7bd3d4f04d6d67e20cde88e88352fd14,['0902f1ac'
3564034,3564034,3564034.0,,11195053,180.0,0xac72e253f116c24a69e32b3127dd647bdfa7b8b67b567a37671718d6c84ed8f2,0xc96ea19a7bd3d4f04d6d67e20cde88e88352fd14,['0902f1ac'
3690233,3690233,3690233.0,,11247791,160.0,0x19f57d312a53cde5e27e4d9330ffd830383374adb741472edd2fc3b0038d7e65,0xc96ea19a7bd3d4f04d6d67e20cde88e88352fd14,['0902f1ac'
