,Unnamed: 0,Unnamed: 0.1,Unnamed: 0.1.1,block_num,tx_index,tx_hash,entrypoint,signature
7389998,652251,,,11420208,71.0,0x705b75ee566c516331bfccd19f0fc332700d898e11ab7ebef14483641e620a09,0xcc8d17feeb20969523f096797c3d5c4a490ed9a8,['0902f1ac'
7390073,652326,,,11420210,6.0,0x3b1ddb21914a7f3af43cafd788284340c271d3f7c3b863cdc7b7b99244e6ae55,0xcc8d17feeb20969523f096797c3d5c4a490ed9a8,['0902f1ac'
7390133,652386,,,11420211,84.0,0x0ba02e1a1ad327175ef199d083c7fb7a783e440e3c4fde6d163160477e678fe7,0xcc8d17feeb20969523f096797c3d5c4a490ed9a8,['0902f1ac'
7910760,1173013,,,11437557,15.0,0xb471d33dda6c10f4b84601954fc959622f0c45481d99b15ed5d70e4fce72fedb,0xcc8d17feeb20969523f096797c3d5c4a490ed9a8,['0902f1ac'
