,Unnamed: 0,Unnamed: 0.1,Unnamed: 0.1.1,block_num,tx_index,tx_hash,entrypoint,signature
4556,4556,4556.0,,11090219,107.0,0xe6acb3cc41399a27c898a4a5858beebf3e94b2f046c8a58b3ef2484e390ba8c5,0xe210330d6768030e816d223836335079c7a0c851,['0902f1ac'
4601,4601,4601.0,,11090221,175.0,0x0cc7473c42ba660c96a36e5d2c9992de554c9b70b849bbab99047fbe2da02703,0xe210330d6768030e816d223836335079c7a0c851,['0902f1ac'
11097,11097,11097.0,,11090492,109.0,0xd619787aa7a6d3df633e560576ddb3c60d41c581ffc7973991c77bb08313f76f,0xe210330d6768030e816d223836335079c7a0c851,['0902f1ac'
11275,11275,11275.0,,11090500,19.0,0xf3e0ba31d1b505d60a193c9505f06d6fa68e99928f5b20f93c3a17844324a648,0xe210330d6768030e816d223836335079c7a0c851,['0902f1ac'
18408,18408,18408.0,,11090778,42.0,0xc280a2c5c8749a9f968165a3b90d5dc6c23584ded520c863ead7e921491c639b,0xe210330d6768030e816d223836335079c7a0c851,['0902f1ac'
18505,18505,18505.0,,11090782,110.0,0xacab7b2e6b470114b8af795836132c7cf95c4c5ee34ea7c39ca339fc6726d26c,0xe210330d6768030e816d223836335079c7a0c851,['0902f1ac'
28473,28473,28473.0,,11091205,209.0,0xe63a463428aed10d2b426fc534c311da01153f67f2caa9874bda2c0aac50bf65,0xe210330d6768030e816d223836335079c7a0c851,['0902f1ac'
30754,30754,30754.0,,11091284,78.0,0x0bc684303bef9a89ee9f0bcd3b1b3cbf0456d4cb446f8669b0143fa8b4e9d1a5,0xe210330d6768030e816d223836335079c7a0c851,['0902f1ac'
31396,31396,31396.0,,11091309,138.0,0xd0cf0d2739689d65c5afd8bd4000ef0a4222b254513253f79446d7712ba81237,0xe210330d6768030e816d223836335079c7a0c851,['0902f1ac'
38570,38570,38570.0,,11091574,108.0,0x015476a878025ed2ac43f693810c6f4f43afc3415ec8f1be979d4e8d72a73d1a,0xe210330d6768030e816d223836335079c7a0c851,['0902f1ac'
38609,38609,38609.0,,11091575,138.0,0x09411bde7bd3ba8116d04c3ffa319cd6010a9c8ba6a569441d0dbb79e5845646,0xe210330d6768030e816d223836335079c7a0c851,['0902f1ac'
44770,44770,44770.0,,11091826,94.0,0xddee5c888969e276f8669d0445d9c5c0775bf0dd01df6e7898542e508fe1331c,0xe210330d6768030e816d223836335079c7a0c851,['0902f1ac'
44828,44828,44828.0,,11091829,183.0,0xf3dac133a246417ee394fd6a22c33fb90a627909e7cdaf5d4c838d1917657e07,0xe210330d6768030e816d223836335079c7a0c851,['0902f1ac'
50920,50920,50920.0,,11092092,69.0,0xa830afd4fcf562eec4fa052c60857082ac6a9e029007a03bce99203ec99b3e4d,0xe210330d6768030e816d223836335079c7a0c851,['0902f1ac'
51066,51066,51066.0,,11092097,108.0,0xfaa9e8b55944a86edbc14b7efc6842f64bc125a8175bbaa62b54190e857e193b,0xe210330d6768030e816d223836335079c7a0c851,['0902f1ac'
56845,56845,56845.0,,11092374,102.0,0x147bfe5601c0bd6da9ce6317254480aead82f5b6babea06a0f4d6c1b5539813a,0xe210330d6768030e816d223836335079c7a0c851,['0902f1ac'
56865,56865,56865.0,,11092375,124.0,0x4ca873d9fe0e1663baba6796f5093a979fa326fc1bb7e92a3396bbfdb2c3d93e,0xe210330d6768030e816d223836335079c7a0c851,['0902f1ac'
62677,62677,62677.0,,11092645,39.0,0x097bfc70915a43ce7596942e63d8509f150f7dd1242044f6cda66399e2931f76,0xe210330d6768030e816d223836335079c7a0c851,['0902f1ac'
62697,62697,62697.0,,11092646,105.0,0xbb5dbb93372abb663152e21ce93093c0886c5ce145c07439ce479216ff670908,0xe210330d6768030e816d223836335079c7a0c851,['0902f1ac'
68973,68973,68973.0,,11092904,31.0,0x24b15926bf227e977bdd1ff52b63c8818170a3dc4076e1a0a9f3879a3c7ee1e7,0xe210330d6768030e816d223836335079c7a0c851,['0902f1ac'
68994,68994,68994.0,,11092905,46.0,0xa78abbecee9cd3c68ca05e3f2db16211065bf7f16fe7dd007df22fe3a0bd2584,0xe210330d6768030e816d223836335079c7a0c851,['0902f1ac'
75697,75697,75697.0,,11093159,118.0,0xc3addd23921de78570106d3cbf67547650afb4baf19d346c4397bf14e4b86068,0xe210330d6768030e816d223836335079c7a0c851,['0902f1ac'
76188,76188,76188.0,,11093171,119.0,0xd6c42b38058d83f3ed85a78f80b66722369a92cff3e35d6545f4ace5e559847d,0xe210330d6768030e816d223836335079c7a0c851,['0902f1ac'
84481,84481,84481.0,,11093445,20.0,0xce0a62f50067b74beeaf9dccbf83973359ef518133ad82cb168cef75047697d2,0xe210330d6768030e816d223836335079c7a0c851,['0902f1ac'
84724,84724,84724.0,,11093452,125.0,0x0328ab7b283470eb16b6056f27d7c6735f9e3a34b3d9a6f06055e96c580c74e4,0xe210330d6768030e816d223836335079c7a0c851,['0902f1ac'
84762,84762,84762.0,,11093453,184.0,0xff8841e42e6164a5220621a87e6f873e0b0fb0bedfd32ea33b57c615779a8af6,0xe210330d6768030e816d223836335079c7a0c851,['0902f1ac'
84814,84814,84814.0,,11093455,42.0,0x86e984d97b986a033baf946d5729ed3d0efb630c4cb8a0a821bf4904494b8505,0xe210330d6768030e816d223836335079c7a0c851,['0902f1ac'
84870,84870,84870.0,,11093458,39.0,0xfac0b174c6b10275134c6ee4380cb39631b44b2ada579e887e8093889ccd11b0,0xe210330d6768030e816d223836335079c7a0c851,['0902f1ac'
85026,85026,85026.0,,11093464,13.0,0xdd60dcf4b19e7e819b80f4ce9bb5cb8a36ed0615b242d33b426b8a92be0e4562,0xe210330d6768030e816d223836335079c7a0c851,['0902f1ac'
92870,92870,92870.0,,11093735,24.0,0x44af328cda78a3419e520ca4ffbdb9d978d9e40591f1e907633619bf4fc30e54,0xe210330d6768030e816d223836335079c7a0c851,['0902f1ac'
92950,92950,92950.0,,11093736,136.0,0xef3e8f0388232e0528a3ab136b2bb28115da23daa2b50cc1c736cf0b3d2c7c68,0xe210330d6768030e816d223836335079c7a0c851,['0902f1ac'
100041,100041,100041.0,,11094012,167.0,0x7ceeec38be601fd82c3d2564fc9c44bceb8ae332e4be4ec353760fd3800df46c,0xe210330d6768030e816d223836335079c7a0c851,['0902f1ac'
100102,100102,100102.0,,11094014,95.0,0x08303a2f123bd4795f7243b8f5512b5ead7d4b0def5909a531113edb33a3fb3e,0xe210330d6768030e816d223836335079c7a0c851,['0902f1ac'
107414,107414,107414.0,,11094276,147.0,0x510da50b766d395bc6e71099a503ef13146913d3dc3a5692171dcb7585ef5802,0xe210330d6768030e816d223836335079c7a0c851,['0902f1ac'
107513,107513,107513.0,,11094280,57.0,0x0f5fd24b311f67741ab12352d02302d8751b271eace02981ea4040aa53a56589,0xe210330d6768030e816d223836335079c7a0c851,['0902f1ac'
115037,115037,115037.0,,11094551,41.0,0xa856520938da5e4be712a9a58ccc5923d9106e97184397143cd9219dec08becf,0xe210330d6768030e816d223836335079c7a0c851,['0902f1ac'
115110,115110,115110.0,,11094553,84.0,0x1e02439c2fc5ec1d69e784f657fa6404f04c958c7bab90a74b0da53ed5507c3c,0xe210330d6768030e816d223836335079c7a0c851,['0902f1ac'
122293,122293,122293.0,,11094837,41.0,0xf9d9e5daeae38980e715c1bb1f5ed2384af57800c27707d07615a7a81ea9862f,0xe210330d6768030e816d223836335079c7a0c851,['0902f1ac'
122309,122309,122309.0,,11094838,39.0,0xe19f167fa16f41bc7cff4de69119dea786878f40659a571baf18c9aa0b217655,0xe210330d6768030e816d223836335079c7a0c851,['0902f1ac'
130573,130573,130573.0,,11095157,108.0,0x7fe36d3cc15d4b7367b86a4c32c7e1dc3cf11a2b107498114161ebe22b555c61,0xe210330d6768030e816d223836335079c7a0c851,['0902f1ac'
130589,130589,130589.0,,11095158,117.0,0xbe54653ac3192e827a23de600cf8ff3f0c6900f4c6cbcf49b763e65b8de4baa1,0xe210330d6768030e816d223836335079c7a0c851,['0902f1ac'
137728,137728,137728.0,,11095452,36.0,0x49e138f96179c0bf92024901e4a3adfaec9f208f9a7b4a1ab04ac798da22cb6a,0xe210330d6768030e816d223836335079c7a0c851,['0902f1ac'
137802,137802,137802.0,,11095454,115.0,0xff93ec5573ff9deb1b4898e45fff7fee6858ae88ae82f4100f68b7368402eb23,0xe210330d6768030e816d223836335079c7a0c851,['0902f1ac'
144070,144070,144070.0,,11095725,85.0,0x34a1bb2f2a09d53c904c5c462939d57ead082ba6e612dcfbcc14eb7052322156,0xe210330d6768030e816d223836335079c7a0c851,['0902f1ac'
144104,144104,144104.0,,11095727,25.0,0x29202ed0798d459b6403b456d9036e07846163c343bd60d269450671639db8ef,0xe210330d6768030e816d223836335079c7a0c851,['0902f1ac'
151086,151086,151086.0,,11095999,56.0,0x7aff7c165dbe2841832d5c8006d831d48ee85dbb530b6dcf17d68630d4b6966c,0xe210330d6768030e816d223836335079c7a0c851,['0902f1ac'
151222,151222,151222.0,,11096004,38.0,0xcb43c8a9879cbca1fba7c2b1026964514ef135c55198c1c4b97e7d819e345440,0xe210330d6768030e816d223836335079c7a0c851,['0902f1ac'
157885,157885,157885.0,,11096261,77.0,0x6063744e9110f28ff563d7ba7e86122cf7baff14c2e734394eb30cd9e440b216,0xe210330d6768030e816d223836335079c7a0c851,['0902f1ac'
157980,157980,157980.0,,11096264,110.0,0x0ff7c20960e64ff6d44bfc3581ccbd6ba8b07c49d32c9bf8eb6f7349adb2535e,0xe210330d6768030e816d223836335079c7a0c851,['0902f1ac'
185994,185994,185994.0,,11300071,132.0,0xb5a128b7172dfb98ba461bf4ae82c57ce2e2d70c9458f47faa599cf6ba958312,0xe210330d6768030e816d223836335079c7a0c851,['0902f1ac'
196016,196016,196016.0,,11200123,88.0,0x6e0b06ccd0eb836b2bc77875042c2575b7edaf66e8e7d338bfc7677e46ae02ed,0xe210330d6768030e816d223836335079c7a0c851,['0902f1ac'
196266,196266,196266.0,,11200125,54.0,0xbe0edd579e0b9d90955788890a1501d28055c3f9f072353c2def55dc248f737e,0xe210330d6768030e816d223836335079c7a0c851,['0902f1ac'
196452,196452,196452.0,,11150202,81.0,0x952ae59740e52223769a271428ea4647c126c2d7cdf5621a601018f616ee06ea,0xe210330d6768030e816d223836335079c7a0c851,['0902f1ac'
196592,196592,196592.0,,11150203,123.0,0x37a5bf9ca09338d61c716c5c83ac86a0316999ade53949e2d35270f28319947e,0xe210330d6768030e816d223836335079c7a0c851,['0902f1ac'
196738,196738,196738.0,,11250194,210.0,0xa8135c77bc0938062fded4866819e1883b89f92e2346b9d55fda8228d4d6b0e5,0xe210330d6768030e816d223836335079c7a0c851,['0902f1ac'
198820,198820,198820.0,,11350192,148.0,0x7259f90b944dd4ed6c9d659fa770b10ac229384d308048a6338f06b5a74bab43,0xe210330d6768030e816d223836335079c7a0c851,['0902f1ac'
199081,199081,199081.0,,11350195,22.0,0x349ec285f54c129aeb556113290d93bef761be9567572917d15168bcd2cd1e9e,0xe210330d6768030e816d223836335079c7a0c851,['0902f1ac'
214807,214807,214807.0,,11250350,52.0,0x6e5caa5901dd02663539613199c1bef734b53b9ee49702011cfa3186260e07b9,0xe210330d6768030e816d223836335079c7a0c851,['0902f1ac'
230093,230093,230093.0,,11150484,81.0,0xe404cd01a3244cfffd9860f5f1cc17cf01564aac58c4b99315a221d488716c54,0xe210330d6768030e816d223836335079c7a0c851,['0902f1ac'
230848,230848,230848.0,,11200400,124.0,0x965a7868d37984185d35b5fa5cd13c8cde4f6623f2b8b80d64a9938e9be88dcc,0xe210330d6768030e816d223836335079c7a0c851,['0902f1ac'
230968,230968,230968.0,,11150491,63.0,0x3a425e093f9ee073847bb47d2124c099895442efad546af60fad12203157194b,0xe210330d6768030e816d223836335079c7a0c851,['0902f1ac'
231065,231065,231065.0,,11200402,29.0,0x1c7045cfe8cfc70e62c9c6da099b66334dbe01d789450533af8847229e4f7e0e,0xe210330d6768030e816d223836335079c7a0c851,['0902f1ac'
240570,240570,240570.0,,11250574,103.0,0x8e338b5a89b1e69c5b7e951f7c1cb972043ba11e7ca8a35f3b55f8c0b4d2f5bf,0xe210330d6768030e816d223836335079c7a0c851,['0902f1ac'
257846,257846,257846.0,,11300647,132.0,0x8406020c3aafc4570bde3aed4da3d1f5cfc4fe56b7ec754c4b6dffb68b5eb697,0xe210330d6768030e816d223836335079c7a0c851,['0902f1ac'
258488,258488,258488.0,,11150742,168.0,0x019c145ec3d9ac1dbdc3b09e0ec54ffff5c750d825ce4a289b1dc7ff6824685a,0xe210330d6768030e816d223836335079c7a0c851,['0902f1ac'
258805,258805,258805.0,,11150745,155.0,0x01746b18e65b1039634e9d686be167dab817bb9ff23bc500b41bfd913cc667b2,0xe210330d6768030e816d223836335079c7a0c851,['0902f1ac'
267759,267759,267759.0,,11200669,125.0,0x3fc2a03d3b41fa6d6d3238f6c57d6e0330dec1829e5e896692f8ec79b59f39cb,0xe210330d6768030e816d223836335079c7a0c851,['0902f1ac'
272709,272709,272709.0,,11200699,81.0,0x169c49b5e8288153771cb743d4ee2f344767e0359ccb7d29bd866c025bd6e56e,0xe210330d6768030e816d223836335079c7a0c851,['0902f1ac'
288655,288655,288655.0,,11150987,36.0,0x5d6ad7c752db25883a33cfd5c9cb9de6f8ef9607b7d50f73c852104ce64b1ff4,0xe210330d6768030e816d223836335079c7a0c851,['0902f1ac'
288780,288780,288780.0,,11150988,131.0,0x60ac521b9af10f30c60be91dd1d57103c9313fea5148db2217d588341898c094,0xe210330d6768030e816d223836335079c7a0c851,['0902f1ac'
289469,289469,289469.0,,11250938,54.0,0xd6ee4adf2847a1a0f95f7aeffd7396739fb15bfd23291bf649cc42f332ebc75a,0xe210330d6768030e816d223836335079c7a0c851,['0902f1ac'
290159,290159,290159.0,,11250942,16.0,0x02a713910ee599892f2030d2197b82670604f9a81c248faae4d92f993889d27d,0xe210330d6768030e816d223836335079c7a0c851,['0902f1ac'
290541,290541,290541.0,,11250944,131.0,0x1800b6c8d75936085216f23b589a0965c45096d3b50f553fe16f3aea5c76d142,0xe210330d6768030e816d223836335079c7a0c851,['0902f1ac'
290646,290646,290646.0,,11250945,44.0,0xe21eb1fcc97ca03222e74a5c98846aadcc2276354a5717262651f4d2bee7b018,0xe210330d6768030e816d223836335079c7a0c851,['0902f1ac'
306084,306084,306084.0,,11200926,41.0,0xe06db1689fbe9886e84de0493bd9f5a91c28fd7933ddbce5a2fa8db892a531fa,0xe210330d6768030e816d223836335079c7a0c851,['0902f1ac'
306518,306518,306518.0,,11200930,41.0,0x7d782051c70b420eb2cf02b30cc277c9b658ce5491a4f932973998ed3b1c920e,0xe210330d6768030e816d223836335079c7a0c851,['0902f1ac'
317999,317999,317999.0,,11251137,178.0,0x846a03b0904bbac7ca52d618f90b4b8e6927bc39e1cf2e4a070accb65bc91aa0,0xe210330d6768030e816d223836335079c7a0c851,['0902f1ac'
321873,321873,321873.0,,11151270,82.0,0xb5767a3f4a992c179efd4ef6054d8ae0298553e9dab0c3c1ef25448a43cdbb4a,0xe210330d6768030e816d223836335079c7a0c851,['0902f1ac'
322019,322019,322019.0,,11151272,86.0,0xbf6ac61796e66c0791fe9aad50d95da877eb4fa97070d6ead9b4a30853c0c759,0xe210330d6768030e816d223836335079c7a0c851,['0902f1ac'
323450,323450,323450.0,,11251178,17.0,0x94113bbd86feacd791d6f06a0e016b2c224f4db2d8b33c871130608d6f4308a7,0xe210330d6768030e816d223836335079c7a0c851,['0902f1ac'
329420,329420,329420.0,,11351384,74.0,0xa2378aa5c6def4edbd2a700ad2e783d09e2b655a8013be57874ad1e974405cbe,0xe210330d6768030e816d223836335079c7a0c851,['0902f1ac'
329797,329797,329797.0,,11351387,33.0,0x3962f3c11f27fb27c6ced379e09caac968ed9dc7fad09d11f425e1d0efaf9610,0xe210330d6768030e816d223836335079c7a0c851,['0902f1ac'
341484,341484,341484.0,,11201221,71.0,0x21196882928c2a3f7790e8f82346e3b9f429cfc3a49835faf0a3d88340da454e,0xe210330d6768030e816d223836335079c7a0c851,['0902f1ac'
343015,343015,343015.0,,11201234,105.0,0x27029f7389d2ed149daab73b433f489aec7a73b0407cd60dc0ee6df9b07a64db,0xe210330d6768030e816d223836335079c7a0c851,['0902f1ac'
354894,354894,354894.0,,11251435,38.0,0x4a8f16ce341e257a23cd0306d758e2725287dd46efa6c90cd16ae9a52713c95d,0xe210330d6768030e816d223836335079c7a0c851,['0902f1ac'
355640,355640,355640.0,,11251439,9.0,0x706663c9dafa0917c4a99dab04921a87cd32abea75cf50ab9783c13ed1a87699,0xe210330d6768030e816d223836335079c7a0c851,['0902f1ac'
356345,356345,356345.0,,11151577,52.0,0x05dd1ee45f8e6872fea1c7b6c1c325be285fadd129d6bcfe19775643427369d0,0xe210330d6768030e816d223836335079c7a0c851,['0902f1ac'
357435,357435,357435.0,,11151588,125.0,0xd3aa999fa79eb280f4351d6973bf0d165aabbbe97603046878538947fb200d44,0xe210330d6768030e816d223836335079c7a0c851,['0902f1ac'
370512,370512,370512.0,,11201490,208.0,0x9fa6acfd550a3d6bd156ecd9287da07872fc90eb14dac976b78cb5890eda6eca,0xe210330d6768030e816d223836335079c7a0c851,['0902f1ac'
370629,370629,370629.0,,11201491,107.0,0xcb3b621818ec0c991434dd6736de5d328cd3f4ff23ff4676bfcedca3fe0d76f3,0xe210330d6768030e816d223836335079c7a0c851,['0902f1ac'
384282,384282,384282.0,,11251682,124.0,0xc34e9d07c5ba3bc289790be196e143bc2f1ce3d78dd4f443ba510d2df02bf3f4,0xe210330d6768030e816d223836335079c7a0c851,['0902f1ac'
384715,384715,384715.0,,11251684,71.0,0x29c26e92753c7ecd42f697a5011b3d3ad017c2eebed4d32d059d108da5b4b86f,0xe210330d6768030e816d223836335079c7a0c851,['0902f1ac'
388114,388114,388114.0,,11151861,172.0,0x3ddf3dd91d90a20dacb0512ef9352fcbc2e861e02100dc106a9fd3732bc716a8,0xe210330d6768030e816d223836335079c7a0c851,['0902f1ac'
388177,388177,388177.0,,11151862,204.0,0x4d310b28cc09d4399fe9853f7ee42cbf63fffc788e7cb2a008a8e4ea28ce6654,0xe210330d6768030e816d223836335079c7a0c851,['0902f1ac'
401160,401160,401160.0,,11201770,108.0,0xdb08b95904956b5c4171f2da3df7f78eee29c0e2b07a830a842b507a5b36fe2f,0xe210330d6768030e816d223836335079c7a0c851,['0902f1ac'
401541,401541,401541.0,,11201773,123.0,0x19bdb3efd3982a73f871fff66686b177ba12b752ab2b2bb52b2356beab900c9e,0xe210330d6768030e816d223836335079c7a0c851,['0902f1ac'
417682,417682,417682.0,,11251965,90.0,0xe9d31202032c0bb3e04e49e1c8a639d05430db42f61826183a5b6a5552ef7b4a,0xe210330d6768030e816d223836335079c7a0c851,['0902f1ac'
417951,417951,417951.0,,11251967,42.0,0x30debf70cdf3ac58332f4c3b33be5e75cd4fe649129ea6ca03be824ed103a617,0xe210330d6768030e816d223836335079c7a0c851,['0902f1ac'
428271,428271,428271.0,,11152207,88.0,0x91b8dcaa30a30e77f31520f4a31037b05d26d5865855b22794e55b5810a8a20c,0xe210330d6768030e816d223836335079c7a0c851,['0902f1ac'
433653,433653,433653.0,,11202047,150.0,0xc94f11b67360b90631a953992daf34a5df914332c08f5d2d431258e830bbeeb5,0xe210330d6768030e816d223836335079c7a0c851,['0902f1ac'
433904,433904,433904.0,,11202050,145.0,0x4718c30ac25a798cbd0b26c63401941316b12d284bc6af137e57586e98918102,0xe210330d6768030e816d223836335079c7a0c851,['0902f1ac'
441138,441138,441138.0,,11352428,69.0,0x7f099a9b2e4671297328ce8f82c448f83eadcb8883c28ebfd0b90ad2a716cbfa,0xe210330d6768030e816d223836335079c7a0c851,['0902f1ac'
441967,441967,441967.0,,11352436,114.0,0xddded13da6985283e2f9ffc5c632ce4af13bfcbeb1f2f01310ad1558823ccc30,0xe210330d6768030e816d223836335079c7a0c851,['0902f1ac'
449405,449405,449405.0,,11252209,135.0,0xf10a8dc17cc1d0256cce6ff4d602dcd47820c2b49238426834f9952edd8b8afc,0xe210330d6768030e816d223836335079c7a0c851,['0902f1ac'
449830,449830,449830.0,,11252213,25.0,0x49c4fa83082ef752fe6a87faf456e6ae07530a9187f158bd76e7993ca317a200,0xe210330d6768030e816d223836335079c7a0c851,['0902f1ac'
452606,452606,452606.0,,11152406,37.0,0xad346dc4c97ad3bc7d03d0525fa063f96d3a9981110e0c7491bd6279576b9708,0xe210330d6768030e816d223836335079c7a0c851,['0902f1ac'
453141,453141,453141.0,,11152410,138.0,0xd1e969f362c5f0f9cf989c6ca9763cee876ddf7ba0b87f09baa31dd89ed8264c,0xe210330d6768030e816d223836335079c7a0c851,['0902f1ac'
453416,453416,453416.0,,11152413,110.0,0xa69f284b33258d157c49a4c28d8b1e53fb897ef870cba71a2af67edf496d67fb,0xe210330d6768030e816d223836335079c7a0c851,['0902f1ac'
453593,453593,453593.0,,11152414,101.0,0xe2d9d7ce0dfa2c6df4ffabdc2c72aaaf10e1e832df156b0ed6c37e397f195f42,0xe210330d6768030e816d223836335079c7a0c851,['0902f1ac'
463878,463878,463878.0,,11202312,84.0,0x56851abc458ea7ba06f705f3cf78c2b50e4ea7e166459b3e67382ffb82ff6297,0xe210330d6768030e816d223836335079c7a0c851,['0902f1ac'
463939,463939,463939.0,,11202314,169.0,0x35f2610e20fa5f6254d57995668cc5fd4885ee0817191130aa769b51ba1c9d68,0xe210330d6768030e816d223836335079c7a0c851,['0902f1ac'
482188,482188,482188.0,,11152638,27.0,0xab978db4932d7e391e711a376e81f98e414f7b7ae6ac7d8e97c3166029c85f60,0xe210330d6768030e816d223836335079c7a0c851,['0902f1ac'
483204,483204,483204.0,,11152647,96.0,0x16419e472e96c555b459bd9f17006377e0dbcc92dc16fdf791014242cd3683d6,0xe210330d6768030e816d223836335079c7a0c851,['0902f1ac'
486609,486609,486609.0,,11252507,112.0,0xef5cc62910a9ae7c840433143acad59df3bd10b84608e8952de12ec607fbfe0e,0xe210330d6768030e816d223836335079c7a0c851,['0902f1ac'
486708,486708,486708.0,,11252508,107.0,0x9a0e3c049ba097fa84b065cf7347618f63b4c9d3a9bd913d24c721684a0ed5bc,0xe210330d6768030e816d223836335079c7a0c851,['0902f1ac'
498187,498187,498187.0,,11202602,110.0,0xe09e24f803314eda6469bdee556346ff87fde3eb32777eb9199eb486fbae32cc,0xe210330d6768030e816d223836335079c7a0c851,['0902f1ac'
502598,502598,502598.0,,11202630,122.0,0xd6f496bb453d6b880511592f2ad7d713311b198337582dc95047bd52e3a42799,0xe210330d6768030e816d223836335079c7a0c851,['0902f1ac'
512801,512801,512801.0,,11302766,74.0,0x5847ed2642dab83e20d1a07c19cb1a9f18fc69600345633f315ae168ab414fe9,0xe210330d6768030e816d223836335079c7a0c851,['0902f1ac'
518708,518708,518708.0,,11302811,26.0,0x189312867c2974763c151ebb87ee8beac3d2325db00f68a4f58842b46e9697aa,0xe210330d6768030e816d223836335079c7a0c851,['0902f1ac'
521323,521323,521323.0,,11252763,52.0,0xcab104f1ad3d5c3283e23363489001aaadbbf72c2f96cf4d7cd65feae1bb1e92,0xe210330d6768030e816d223836335079c7a0c851,['0902f1ac'
521537,521537,521537.0,,11252765,79.0,0x0b0f1d6f8909d3c1a1856cd9692dcbdfcbbaa9cbfdc33d2365de2a2eaad642bb,0xe210330d6768030e816d223836335079c7a0c851,['0902f1ac'
523524,523524,523524.0,,11152921,87.0,0x478e31bf81bb1471ad54cb9d6c0aa3125e223821dfba5c41c237fa0d9de9f75b,0xe210330d6768030e816d223836335079c7a0c851,['0902f1ac'
523730,523730,523730.0,,11152923,108.0,0xc5f9daf15705a84b8477ad162aa91679415c4e4783da68776218c8c4bcacbe43,0xe210330d6768030e816d223836335079c7a0c851,['0902f1ac'
531696,531696,531696.0,,11202871,54.0,0xf4c0ce64e8ede5d7d4a7f0d67798beb86d5123a94244e7ade5326e68d734b027,0xe210330d6768030e816d223836335079c7a0c851,['0902f1ac'
532383,532383,532383.0,,11202877,85.0,0xc3eb0a1d4bb277fa5a1b0040f2e250e7de404418309c4c6b6490653a7abf4629,0xe210330d6768030e816d223836335079c7a0c851,['0902f1ac'
553381,553381,553381.0,,11253026,88.0,0x0ca522767b756b51d8d6aeb198c57d7aec2604725dc0b3397f605e11618354a3,0xe210330d6768030e816d223836335079c7a0c851,['0902f1ac'
553686,553686,553686.0,,11253028,56.0,0x0c4e26e45acb53d1ceb325b0577ff3f66c836a7ba5e0b496826024a8b4f4963e,0xe210330d6768030e816d223836335079c7a0c851,['0902f1ac'
561181,561181,561181.0,,11153207,28.0,0xbbbab4d29d679e6651ddcf72d9337b05ba52a4eba964ef4aa67418c7f4355a85,0xe210330d6768030e816d223836335079c7a0c851,['0902f1ac'
561436,561436,561436.0,,11153210,30.0,0x35c6c58be2774a6de727a3cc85b6fb7d7206226e66bfbedf06b35f0a55ea288f,0xe210330d6768030e816d223836335079c7a0c851,['0902f1ac'
574212,574212,574212.0,,11353549,190.0,0x9b6c5f3e8475e6edc4cbf7e33acc8183340ab1789d9d138cb8c7957e2a5184c8,0xe210330d6768030e816d223836335079c7a0c851,['0902f1ac'
574467,574467,574467.0,,11353553,133.0,0xe94b11c9d6f8793d952b33d3d64f7135f8800d54e1c8e9f38126fc418f48c52a,0xe210330d6768030e816d223836335079c7a0c851,['0902f1ac'
588052,588052,588052.0,,11253318,37.0,0x9cbe66e0917ac1c822f7a82e666d67c89a9018d0b938569c9575f75d98b67367,0xe210330d6768030e816d223836335079c7a0c851,['0902f1ac'
588630,588630,588630.0,,11253323,5.0,0xf42024f8c2c029d5b22a36f89e8b122be5b1742f63dc9bde28ddc5a4077ca7f1,0xe210330d6768030e816d223836335079c7a0c851,['0902f1ac'
598921,598921,598921.0,,11153477,18.0,0x48743ecda606f79baeba7dbf6fd405e1a574803e6cb6389fedf1dce7d903691c,0xe210330d6768030e816d223836335079c7a0c851,['0902f1ac'
599074,599074,599074.0,,11153478,169.0,0x6a255ac3f1acb1eb10f7d0972d324c6342176216276207fcc610c74d41d31c6e,0xe210330d6768030e816d223836335079c7a0c851,['0902f1ac'
610455,610455,610455.0,,11203503,165.0,0x0a8e062061da37a85c1dbd533b6722228baa9210213decfd36b1162b35df446e,0xe210330d6768030e816d223836335079c7a0c851,['0902f1ac'
611669,611669,611669.0,,11203506,26.0,0x473f7385e1ffadeed1eb7b652a13adc109a02c162ffbf7de975a5c5a24d9012a,0xe210330d6768030e816d223836335079c7a0c851,['0902f1ac'
616030,616030,616030.0,,11253564,94.0,0xdb6b6dff87dc5e6291e859402e7687cfadcd83b26abcee8677584c0542016605,0xe210330d6768030e816d223836335079c7a0c851,['0902f1ac'
616126,616126,616126.0,,11253565,84.0,0x8975ed25d1077e10e3f79c082a92c375a81f24976d991c7b6e4a2e2098710b6a,0xe210330d6768030e816d223836335079c7a0c851,['0902f1ac'
628941,628941,628941.0,,11354059,27.0,0xfa9afe2cb61fdd0e84694cbe8ac1a0309c398c1076980d5e5b2a364951d74eb1,0xe210330d6768030e816d223836335079c7a0c851,['0902f1ac'
630119,630119,630119.0,,11153718,116.0,0x6c64ee811325eec9d8de8bed30ba2226109454d1e361cda70bb108129bae37e7,0xe210330d6768030e816d223836335079c7a0c851,['0902f1ac'
630174,630174,630174.0,,11354072,112.0,0xce2b77e21a1120f8d6f80f14d1f40ec0cdfb069cd2be0b4c1637e26d03c02540,0xe210330d6768030e816d223836335079c7a0c851,['0902f1ac'
630269,630269,630269.0,,11153719,101.0,0xca412e0a5c9e1c0564537cbc76a77dc9dedfd591b8bde009b4a6a86b56c5da47,0xe210330d6768030e816d223836335079c7a0c851,['0902f1ac'
635472,635472,635472.0,,11203694,60.0,0x92da4ab0cf7535ce258aa22f039ddfdfa063883dc546dbaf095705a9852bb0f5,0xe210330d6768030e816d223836335079c7a0c851,['0902f1ac'
635775,635775,635775.0,,11203698,176.0,0x6fbcdd3cdb2a60e475648e425ac41f3c8f07333434ee5e019e42092eae8f060a,0xe210330d6768030e816d223836335079c7a0c851,['0902f1ac'
647348,647348,647348.0,,11253841,60.0,0x601ef4a3fa155439b31dfd98ee4b0d97420975e22b3f99830d069eb477f35ac7,0xe210330d6768030e816d223836335079c7a0c851,['0902f1ac'
647442,647442,647442.0,,11253842,78.0,0x2c5a3a2557296fe2e408ae9595f34b6b4d8f3abdda873860b8b757829058c528,0xe210330d6768030e816d223836335079c7a0c851,['0902f1ac'
666866,666866,666866.0,,11203971,114.0,0x393bb6b0c3bea834fe6257107ff491f57afdd12620f55d322e60f661b2fd8fde,0xe210330d6768030e816d223836335079c7a0c851,['0902f1ac'
667756,667756,667756.0,,11203979,33.0,0x93937bcea77a5a5b0050dc2c7d98d19625e7aed535d1ae2a37914b3e59e569dc,0xe210330d6768030e816d223836335079c7a0c851,['0902f1ac'
667951,667951,667951.0,,11154019,109.0,0xf8af450fec5f8e7dbecc3620df4a7f3c1fc602d5c519ae3ea681afdac9ca98a4,0xe210330d6768030e816d223836335079c7a0c851,['0902f1ac'
669414,669414,669414.0,,11154032,61.0,0xa0601de73f8486b01b459833208d365ea423d9107dc4b8e117fdc8b83298e3a8,0xe210330d6768030e816d223836335079c7a0c851,['0902f1ac'
675548,675548,675548.0,,11254106,33.0,0xc033c5ea84c2d8007b65245b4764c749b0f3aed027c662dca43f9dad4e3e4e99,0xe210330d6768030e816d223836335079c7a0c851,['0902f1ac'
675620,675620,675620.0,,11254107,136.0,0x641f7b3256061214c3bb7ff99353c86018a170c538a53ac8375ebfef69433dfe,0xe210330d6768030e816d223836335079c7a0c851,['0902f1ac'
693706,693706,693706.0,,11204220,145.0,0x8a0af8815cd13bef3c832e6cdc3032f76464c6bbf06e06b96fad0f8f55cc9131,0xe210330d6768030e816d223836335079c7a0c851,['0902f1ac'
693791,693791,693791.0,,11204222,33.0,0x12d0f44b8b0d7a7d59ba67004f9dfbf3c786b935e4e63755e96d5d045973b8d5,0xe210330d6768030e816d223836335079c7a0c851,['0902f1ac'
694018,694018,694018.0,,11204225,147.0,0x67a10dafd36ef7b89f1649f7861ee22f982a70d3ec06d04f1e6c01be3fc60db2,0xe210330d6768030e816d223836335079c7a0c851,['0902f1ac'
694237,694237,694237.0,,11204228,183.0,0xa2f2f6ca857de86639f70d9d2a23bb6b336c118b44e72259482f8657a40c3ff0,0xe210330d6768030e816d223836335079c7a0c851,['0902f1ac'
696418,696418,696418.0,,11154298,62.0,0xa334c9495a2a034912ee10f4225afd5bc60f3e8bf0b1d40fe03ca67aeb6a4fbf,0xe210330d6768030e816d223836335079c7a0c851,['0902f1ac'
696493,696493,696493.0,,11154300,96.0,0xe280fe0aef09fc9bf7be4dfa7a8a233093ddcd5b94ea858ff0b0276ed449eec3,0xe210330d6768030e816d223836335079c7a0c851,['0902f1ac'
707105,707105,707105.0,,11254364,125.0,0xc8d3c4b0d1ef25be2e615c332fd3387bfaa99f11a7ca505c0de0d606e1fba32f,0xe210330d6768030e816d223836335079c7a0c851,['0902f1ac'
707508,707508,707508.0,,11254369,135.0,0xf8f8806c674375b3377489d93620d29b192d2b5f81d07ee7bcf187dea9a7457a,0xe210330d6768030e816d223836335079c7a0c851,['0902f1ac'
714992,714992,714992.0,,11204507,14.0,0xf6a33a32d57b3c7c228e4c6d65da09482cea4feca74077187188985118ea7743,0xe210330d6768030e816d223836335079c7a0c851,['0902f1ac'
715149,715149,715149.0,,11204510,38.0,0x2454c7ecb8e3f9f18e295dc2306f58bb1e5b04b39a9a8d5378b48e637cad088b,0xe210330d6768030e816d223836335079c7a0c851,['0902f1ac'
719382,719382,719382.0,,11154596,44.0,0xea068c221bc95284294418787efafb3f0d8907a428cd3d72a0c82f01a593cf85,0xe210330d6768030e816d223836335079c7a0c851,['0902f1ac'
719556,719556,719556.0,,11154598,116.0,0x64373c5aa20b067158f4ac03c38e6e3599fa022fe6264d22470ca52697964de3,0xe210330d6768030e816d223836335079c7a0c851,['0902f1ac'
726563,726563,726563.0,,11254646,55.0,0xca9f3b880fc75cda24348d87b5420b8e08ed7f8c21054274be0533d7f1ab42b1,0xe210330d6768030e816d223836335079c7a0c851,['0902f1ac'
726663,726663,726663.0,,11254647,112.0,0x334859d60f057a038c07217954688fe45466287c2b9739bcd79826abe3d1b35d,0xe210330d6768030e816d223836335079c7a0c851,['0902f1ac'
731668,731668,731668.0,,11204767,180.0,0x75260ec73890dadedd51215898e9aed007f5ecb292fcce8ab541a85dd9f6e0b5,0xe210330d6768030e816d223836335079c7a0c851,['0902f1ac'
731851,731851,731851.0,,11204769,103.0,0xdda395e2ae00b5a65f5429bae61bd4b14c85f7f083715a0eff13bf6f7b19e56f,0xe210330d6768030e816d223836335079c7a0c851,['0902f1ac'
739119,739119,739119.0,,11154841,112.0,0xfe1b69b4de8b22027ac1c31b97668e6fedf6d2ca0d1fe048197170743cd35ec5,0xe210330d6768030e816d223836335079c7a0c851,['0902f1ac'
739771,739771,739771.0,,11154851,85.0,0xdb31bf90742b1a8ac2ffc89bfc2400849a7f3745c095bf79b514857e2d7650ba,0xe210330d6768030e816d223836335079c7a0c851,['0902f1ac'
747093,747093,747093.0,,11254932,116.0,0xbc47b5344e171372c7a3da8f0f6e205eebb408d639c922e41a95ffa0b6667422,0xe210330d6768030e816d223836335079c7a0c851,['0902f1ac'
747691,747691,747691.0,,11254943,44.0,0x05b446af45e69d14720d90baab1efb9a8cf288a81437e237a73da09fe3af5eb4,0xe210330d6768030e816d223836335079c7a0c851,['0902f1ac'
749525,749525,749525.0,,11205030,116.0,0x5bf460ba459ed9c0db68d1352a75ce6c744fc5fc06793c12ea9d9810088a7ad1,0xe210330d6768030e816d223836335079c7a0c851,['0902f1ac'
749686,749686,749686.0,,11205032,44.0,0xefa1f52834af26ea55a39140bcfbe5dc95b1ca4eb89287422657a0e3c3fc9f2f,0xe210330d6768030e816d223836335079c7a0c851,['0902f1ac'
757431,757431,757431.0,,11155117,66.0,0xaf01946101cc49c52cabd0ed024f1790bf62723206ad272d04eedd5c5b7fbaa1,0xe210330d6768030e816d223836335079c7a0c851,['0902f1ac'
757552,757552,757552.0,,11155119,45.0,0x3a51675bb633365e333fd2a9f7a80ff7ca50de2ef7ed8e2eb70288b4278ee719,0xe210330d6768030e816d223836335079c7a0c851,['0902f1ac'
764738,764738,764738.0,,11255199,16.0,0x29fd95cb87be580d7a7c22476848137336377a6e3cc73e7ccd56cd2fee8363a3,0xe210330d6768030e816d223836335079c7a0c851,['0902f1ac'
764783,764783,764783.0,,11255200,108.0,0xc6ba1958ff1e4dd816075a581f0d8531b08250dc98efa7d2a8e5b0893ebfc536,0xe210330d6768030e816d223836335079c7a0c851,['0902f1ac'
771859,771859,771859.0,,11205355,107.0,0x3f220e68ba9de2fa3110ec0ad7cbfe0c4a74748d69cec326846ef02679d17931,0xe210330d6768030e816d223836335079c7a0c851,['0902f1ac'
771955,771955,771955.0,,11205357,154.0,0x71117940b96cc2c7949e29c032f759fbf058e74b9a45a70c0de39f7caa428a8b,0xe210330d6768030e816d223836335079c7a0c851,['0902f1ac'
772905,772905,772905.0,,11155355,94.0,0xbe76d1be0c15466d4e6e7b39aeee53d1b9bfe9e8b2a68d08933ab2ef14362535,0xe210330d6768030e816d223836335079c7a0c851,['0902f1ac'
773107,773107,773107.0,,11155358,149.0,0x9040c1107ee1b0656a37cd81d10e30fe893f047a8097c6daa8b7ef7d7414b407,0xe210330d6768030e816d223836335079c7a0c851,['0902f1ac'
782532,782532,782532.0,,11255469,125.0,0x388058c512a1013d539dd69f62bf9e5cb6ceb544cc698088a6bf0f2385b7c1b1,0xe210330d6768030e816d223836335079c7a0c851,['0902f1ac'
782918,782918,782918.0,,11255474,116.0,0x3656e3e0e423d50cfde8d12c1afdab66fd3a200475d0ffbc53cde5984fa9ec6c,0xe210330d6768030e816d223836335079c7a0c851,['0902f1ac'
789002,789002,789002.0,,11205589,53.0,0xd8b42c2639c79dce2b57abb8afb028a27f2ce28a97aa95a70a168682f4b3d006,0xe210330d6768030e816d223836335079c7a0c851,['0902f1ac'
789266,789266,789266.0,,11205592,27.0,0x3d283b79be9a8c68a02e714c75d370adf27e7ea2efd03cdaae839cde2ac91a5f,0xe210330d6768030e816d223836335079c7a0c851,['0902f1ac'
794291,794291,794291.0,,11155626,111.0,0xffd44670e4ca449e939d06015c04b5599c1f9cc048ac5eff7f9dcfc8b57cdfb2,0xe210330d6768030e816d223836335079c7a0c851,['0902f1ac'
794621,794621,794621.0,,11155630,126.0,0xdbc58cb743c2915458f4794efa7fdd3139d3a9ea75dcd6048bab87394453624a,0xe210330d6768030e816d223836335079c7a0c851,['0902f1ac'
803889,803889,803889.0,,11255743,75.0,0x4e801ef1d2f196a30b9386cd87f243e8c9b2ba30dfd2e9bb4d2b9761c8c333a0,0xe210330d6768030e816d223836335079c7a0c851,['0902f1ac'
804046,804046,804046.0,,11255745,76.0,0x278f7359bb1e440b2d2b99f1450f23392e7adff106f9ea3d0a7f2bb30bc538d8,0xe210330d6768030e816d223836335079c7a0c851,['0902f1ac'
808505,808505,808505.0,,11205832,95.0,0xcf2109070fb9ea48585538dd13c1a0724600d5532de829e24e3afbd7fb594b9e,0xe210330d6768030e816d223836335079c7a0c851,['0902f1ac'
809222,809222,809222.0,,11205843,58.0,0x342a566a5347fd06e95a876c895e12e55b93c8f3271ad4b1cf2e40218fc962e6,0xe210330d6768030e816d223836335079c7a0c851,['0902f1ac'
817648,817648,817648.0,,11155903,144.0,0xb8c23d52d930eae1cb427eff6db2c87cfb0d3dace918240165e223a2c057227b,0xe210330d6768030e816d223836335079c7a0c851,['0902f1ac'
818132,818132,818132.0,,11155909,103.0,0x82699649e57dfc7fe3bb63d3542cd7d616ece1e4b35200ff247e22c371e3c952,0xe210330d6768030e816d223836335079c7a0c851,['0902f1ac'
821205,821205,821205.0,,11256010,72.0,0x495de402e6e90e2f9536dc795311d81f9c89e534d4cf6328f1343d48566d792e,0xe210330d6768030e816d223836335079c7a0c851,['0902f1ac'
821782,821782,821782.0,,11256018,82.0,0x3d56a9770dd7bc68ae2a9d79d7151361d0b3f696937544ccdc44e541ab69e336,0xe210330d6768030e816d223836335079c7a0c851,['0902f1ac'
827526,827526,827526.0,,11206135,82.0,0x7732449aacf1067db224ae4295f7c7bb83f1801b1714bf66fe59eea45ccdc567,0xe210330d6768030e816d223836335079c7a0c851,['0902f1ac'
828587,828587,828587.0,,11206147,36.0,0x6e648833f7ac07870c149b9a5f562e165ed669e85f5abbb0d2d6042ae2c57442,0xe210330d6768030e816d223836335079c7a0c851,['0902f1ac'
840153,840153,840153.0,,11156203,84.0,0x62534c2f1004d43558cae0c8237efb64b8c43c713c522fac609dfa843795b05b,0xe210330d6768030e816d223836335079c7a0c851,['0902f1ac'
840184,840184,840184.0,,11156204,130.0,0xeb79d4a88907fcb46778ed6dde481af1e08bb9bcc94d6e7dba9a9d27a8078a9b,0xe210330d6768030e816d223836335079c7a0c851,['0902f1ac'
842970,842970,842970.0,,11256301,101.0,0x2a1a28376aee245ff2a90aa31939f70428f40fc70990cca1a73490eefc259e0c,0xe210330d6768030e816d223836335079c7a0c851,['0902f1ac'
843027,843027,843027.0,,11256302,90.0,0xf4e38b408605d02f60e8227b7c0fcdcdbb1331bc0c1d8f13295b9b55baabddd6,0xe210330d6768030e816d223836335079c7a0c851,['0902f1ac'
843133,843133,843133.0,,11256304,79.0,0x485037bf05e3ab5347e20d6a1a08c16115fea69eb4a7d70954d7f8943c45bbc8,0xe210330d6768030e816d223836335079c7a0c851,['0902f1ac'
844824,844824,844824.0,,11256322,49.0,0x0ac523bac912045c36f17f3f8d8e6bf11c9120617a8b94fc8f7dfe4590c215e8,0xe210330d6768030e816d223836335079c7a0c851,['0902f1ac'
849628,849628,849628.0,,11206406,85.0,0x2e9e08b7d0d1e70716f52e239ed8f3eff59cd9e15a15d8c1fc89a29abc0d1a23,0xe210330d6768030e816d223836335079c7a0c851,['0902f1ac'
849771,849771,849771.0,,11206409,44.0,0xfb0df36ff227881c5494c42d8c88bfbec02b111dd3433cdf332034eaaa0a9b6c,0xe210330d6768030e816d223836335079c7a0c851,['0902f1ac'
861339,861339,861339.0,,11256542,6.0,0x77f4d120d96caae85e24c55f86d164dab8ca8a64a90ff9cfbf46007d556748e7,0xe210330d6768030e816d223836335079c7a0c851,['0902f1ac'
861449,861449,861449.0,,11256543,138.0,0x9ae24631427f16e8d844765bdc24402f3e90b6e0fc46dc3421e2dcf01b6b10e1,0xe210330d6768030e816d223836335079c7a0c851,['0902f1ac'
862814,862814,862814.0,,11156461,181.0,0xac013d76e779ac083902ebca3248033294892f3a8366541a887099ccbc2563e6,0xe210330d6768030e816d223836335079c7a0c851,['0902f1ac'
863021,863021,863021.0,,11156463,94.0,0x8222ff9a8471f5d3e1ad710a00875fcace27b35f60a99c0b785f4b7d3703bb8a,0xe210330d6768030e816d223836335079c7a0c851,['0902f1ac'
870554,870554,870554.0,,11206665,48.0,0xf87c897ec448f50c340553df7cd8109a58b93e297f8db0c003dc7136b5268970,0xe210330d6768030e816d223836335079c7a0c851,['0902f1ac'
871045,871045,871045.0,,11206671,68.0,0x5b778cf9d3b5cd594fb1db3764d5e26cccf51118562afbdd7ae595c7ddad4637,0xe210330d6768030e816d223836335079c7a0c851,['0902f1ac'
877823,877823,877823.0,,11256793,54.0,0xbb90475fa3faec2246c8d1fbee7c3a8a9d45fae580144c804be1d8a0b3155d01,0xe210330d6768030e816d223836335079c7a0c851,['0902f1ac'
878050,878050,878050.0,,11256795,84.0,0xfee6fb7c4021b193649b0bc2d96020103ab261c8d53a1913490450f6dbdea660,0xe210330d6768030e816d223836335079c7a0c851,['0902f1ac'
881173,881173,881173.0,,11156699,17.0,0xca5f6b6ff9c0aa72a67b062c514e48b30702fca7633cff5264b1cacc0c5f0555,0xe210330d6768030e816d223836335079c7a0c851,['0902f1ac'
881252,881252,881252.0,,11156700,79.0,0x97298d970f8bb833149c82f6df76a9316f1c7e8899366ddf77f9af057b371309,0xe210330d6768030e816d223836335079c7a0c851,['0902f1ac'
898469,898469,898469.0,,11257075,47.0,0x848defd8f55a55846ead25a51ef5707837ae8ab7b104b487c3509865b2a01700,0xe210330d6768030e816d223836335079c7a0c851,['0902f1ac'
898518,898518,898518.0,,11257076,215.0,0xcfd48bea423d9ac9775f25bc93967d9281b7f238637a8c68acfadd06c419157c,0xe210330d6768030e816d223836335079c7a0c851,['0902f1ac'
904927,904927,904927.0,,11156997,95.0,0xc059b4c6a9385e54cf281c3e440b4d340be878286d59b2dbe2058485394d7e0b,0xe210330d6768030e816d223836335079c7a0c851,['0902f1ac'
906933,906933,906933.0,,11157022,28.0,0x7aed54587ca7e1ac1c5f0e1b439f255b4dcf53329e50033a1545ae79a47b1833,0xe210330d6768030e816d223836335079c7a0c851,['0902f1ac'
920416,920416,920416.0,,11207284,53.0,0x2fa59854e99387213923c4ae04f94eb1793d5b2073d5690f93bbdc942c6bc4b4,0xe210330d6768030e816d223836335079c7a0c851,['0902f1ac'
920918,920918,920918.0,,11257359,44.0,0x0675d89192c46240b200d2abd460175ff47b3755c2c262eda0d80b71cf31b8b7,0xe210330d6768030e816d223836335079c7a0c851,['0902f1ac'
921058,921058,921058.0,,11207294,182.0,0x4344bab976d2975a7760748294279dc7e0c7476dfa026361b877682dca5a23a5,0xe210330d6768030e816d223836335079c7a0c851,['0902f1ac'
921133,921133,921133.0,,11257361,97.0,0x7885400784a6adfecfa03e56677ed5e0722c1ddb23930a775d70a873f7b5613c,0xe210330d6768030e816d223836335079c7a0c851,['0902f1ac'
929003,929003,929003.0,,11157269,152.0,0x0db39ed8f26995b9b85dbd9ebc22659a8204d989b2e2f40a391b1569992c3b63,0xe210330d6768030e816d223836335079c7a0c851,['0902f1ac'
929231,929231,929231.0,,11157272,79.0,0x7756ea8ef4cba431d7b295e568f3e11c2489e0f5d68be85343aa73c5216aebf4,0xe210330d6768030e816d223836335079c7a0c851,['0902f1ac'
938050,938050,938050.0,,11207505,72.0,0xf3f1e1ad2fcb2800665a46245f289c59f2102a51838a051a0b276e5033651849,0xe210330d6768030e816d223836335079c7a0c851,['0902f1ac'
938127,938127,938127.0,,11207506,98.0,0xd5b77cdbc16d1f1d1acd80931277db4ccf45f9506c20c3a8dfd7a3b73a6d4ce6,0xe210330d6768030e816d223836335079c7a0c851,['0902f1ac'
941849,941849,941849.0,,11257617,23.0,0x5d6213931b8e4367a22a68498ad6d1d2f575e9cb7db14222852dc700067fb598,0xe210330d6768030e816d223836335079c7a0c851,['0902f1ac'
941983,941983,941983.0,,11257619,26.0,0x52b91305506c205352dcc2bb33ad373db2d81f8ea170f1c9bb06fbe45622180f,0xe210330d6768030e816d223836335079c7a0c851,['0902f1ac'
951170,951170,951170.0,,11157524,103.0,0x867c33eb3e6f718c063f67c4240d14d8650bfabc737fab3623af1e90f9545105,0xe210330d6768030e816d223836335079c7a0c851,['0902f1ac'
951376,951376,951376.0,,11157526,100.0,0x99c29236465c0ce776169c65b2ba33756ed615569ef09f16ffca343475e49ff6,0xe210330d6768030e816d223836335079c7a0c851,['0902f1ac'
956878,956878,956878.0,,11207754,131.0,0xc7829396e219894ca2f79e12d44ab09cfaa6d49effd3f833ad355a68bcd108d9,0xe210330d6768030e816d223836335079c7a0c851,['0902f1ac'
957061,957061,957061.0,,11207755,178.0,0x036a446123b162ff6c2f21fe1fa3ea34ee25742207e0302046fb4a58b4604f9a,0xe210330d6768030e816d223836335079c7a0c851,['0902f1ac'
962384,962384,962384.0,,11257905,20.0,0xa7083e03464c5639734d956d7e87ef7319a7c970825a8354e82b93eb321b19a3,0xe210330d6768030e816d223836335079c7a0c851,['0902f1ac'
962856,962856,962856.0,,11257913,57.0,0x775182de83a64480c6d5ad43999af3d22458320a01ebe75508f74d32bff663a4,0xe210330d6768030e816d223836335079c7a0c851,['0902f1ac'
971070,971070,971070.0,,11157788,54.0,0x8f141333c8e34dcb9f28aff01d93d2a1a8eef4a2b09efbe36945fc7ce8a3edfd,0xe210330d6768030e816d223836335079c7a0c851,['0902f1ac'
971968,971968,971968.0,,11157802,134.0,0x8ecbad7417126ee53aac806e5219abc7ff4725bc535deaa323800b3401f3e0f7,0xe210330d6768030e816d223836335079c7a0c851,['0902f1ac'
975484,975484,975484.0,,11208021,162.0,0xa54c6899f9c87b0950d0c50e265588c5a9fa63ac0c05a52a870e900f3ab1af15,0xe210330d6768030e816d223836335079c7a0c851,['0902f1ac'
975787,975787,975787.0,,11208026,171.0,0xa24fa604cbaa227b059a2939416d1cd0cd5acb5e30ef2cb604f1c1b8bf64fa93,0xe210330d6768030e816d223836335079c7a0c851,['0902f1ac'
986686,986686,986686.0,,11158029,41.0,0x0b31148047ad7f413dfaa710ff7db663257efea21f48cb376a697f600e59ecae,0xe210330d6768030e816d223836335079c7a0c851,['0902f1ac'
986783,986783,986783.0,,11158030,145.0,0x6ee0624f082692a9bb24f80c140787727c83c79eb3d8af5298ec847edd7c8b4e,0xe210330d6768030e816d223836335079c7a0c851,['0902f1ac'
993304,993304,993304.0,,11208297,167.0,0x7facdbca6a4017b5aac7d83f1a48e5eba3f6ddfcdf978902f68e5ec7338e1a63,0xe210330d6768030e816d223836335079c7a0c851,['0902f1ac'
993665,993665,993665.0,,11208300,91.0,0x51f57c0fa9855d3c95710b603002529302791d96c1c332d82dc892f710ea26eb,0xe210330d6768030e816d223836335079c7a0c851,['0902f1ac'
994098,994098,994098.0,,11258472,53.0,0x477f004df91bcbd91672665a96efa2b6a7b69441cf790b730cc10a29f595892c,0xe210330d6768030e816d223836335079c7a0c851,['0902f1ac'
997914,997914,997914.0,,11258544,46.0,0x528b67880002ae5e02603842f59bab089b9c2a76a2db1f7231bd9731da203cea,0xe210330d6768030e816d223836335079c7a0c851,['0902f1ac'
1003619,1003619,1003619.0,,11158293,82.0,0xe8e0ca4776975a20a6623bd0d1d067d3594127b7f1392a82f54ee05d0a6f8e77,0xe210330d6768030e816d223836335079c7a0c851,['0902f1ac'
1004071,1004071,1004071.0,,11158300,132.0,0x8b3f6cff6975e4bb896a7819a6c9dc87f5165cefc1a8ffd99df661864fe52708,0xe210330d6768030e816d223836335079c7a0c851,['0902f1ac'
1009245,1009245,1009245.0,,11258758,50.0,0xf42823875000eb07d723fda85af45c0ec12e934dafcb419fcf7fe26b86cf7a47,0xe210330d6768030e816d223836335079c7a0c851,['0902f1ac'
1009856,1009856,1009856.0,,11258767,57.0,0x9f076d3be377ac68d28ff22946dcd109fe34e55ae8865d8e3a9801e03f107a26,0xe210330d6768030e816d223836335079c7a0c851,['0902f1ac'
1011843,1011843,1011843.0,,11208571,109.0,0xa465abb5a973a5187990f0718636d05abcf959ffc102226b9c46c685af3470ce,0xe210330d6768030e816d223836335079c7a0c851,['0902f1ac'
1012125,1012125,1012125.0,,11208575,149.0,0xa2cd5ce48fd1de5f53c6143102198870859408c640e404b87b9acfdb3a8db98d,0xe210330d6768030e816d223836335079c7a0c851,['0902f1ac'
1021607,1021607,1021607.0,,11158565,95.0,0x7e1be1ae147bcbd501cf0a51dcce652833dec041842366cf56db7ab2b057dd67,0xe210330d6768030e816d223836335079c7a0c851,['0902f1ac'
1021772,1021772,1021772.0,,11158567,84.0,0xdeac1b1d41a7fe43591a97bd9328f9474e9e24927440f9a05bdab7847499820b,0xe210330d6768030e816d223836335079c7a0c851,['0902f1ac'
1021991,1021991,1021991.0,,11158571,40.0,0x63e7c8bfca760c90a4869ecec899c72ce516461409e5e22b3493bdd40620fd8e,0xe210330d6768030e816d223836335079c7a0c851,['0902f1ac'
1022099,1022099,1022099.0,,11158572,104.0,0x7805f91f21d60ff045d8b6e93fbb06843c050c31160447d8242758570280c6b2,0xe210330d6768030e816d223836335079c7a0c851,['0902f1ac'
1026804,1026804,1026804.0,,11259032,73.0,0xb4b8eb8dd14dded05c815da4c8de33b9831311123a2308ea51661c03714c98b7,0xe210330d6768030e816d223836335079c7a0c851,['0902f1ac'
1027180,1027180,1027180.0,,11259037,62.0,0x590009797875a5e08cbfe4a66d7803157e4875aa159c5502acdd7ceef1b20416,0xe210330d6768030e816d223836335079c7a0c851,['0902f1ac'
1029669,1029669,1029669.0,,11208835,109.0,0x3111d6a5ac9f2977f0677786ee36d7d9a9e74e1ba5a04dea063cf232c1a266a8,0xe210330d6768030e816d223836335079c7a0c851,['0902f1ac'
1030681,1030681,1030681.0,,11208850,35.0,0xecf56471911aa239e9f3b5ed37762ec4517325d6c11125f27a09da516f3a1ed6,0xe210330d6768030e816d223836335079c7a0c851,['0902f1ac'
1039622,1039622,1039622.0,,11158839,68.0,0xda10ac7560752da6e0eba3bdb490d80db623074158c865d4e7954f822505f5dd,0xe210330d6768030e816d223836335079c7a0c851,['0902f1ac'
1039696,1039696,1039696.0,,11158840,134.0,0xf039076dfb4c761df95c2caf5053865557e1d2e5fc51910d5ccb020f75ad97b0,0xe210330d6768030e816d223836335079c7a0c851,['0902f1ac'
1045800,1045800,1045800.0,,11259318,57.0,0x394dc2d87cf5671e8ecf26d5c220ae3b878df442c8ed1d06457fc7f27c086d2e,0xe210330d6768030e816d223836335079c7a0c851,['0902f1ac'
1046216,1046216,1046216.0,,11259323,40.0,0x738bf122f59565361ad8468736baff6066c0567112704f7135ad32d7f965ee9f,0xe210330d6768030e816d223836335079c7a0c851,['0902f1ac'
1048820,1048820,1048820.0,,11209127,114.0,0x21591a2096364a510e376e025beace3adf1db31a5eccd72dbf48ba0817cf3aea,0xe210330d6768030e816d223836335079c7a0c851,['0902f1ac'
1049265,1049265,1049265.0,,11209131,36.0,0x5a907971e25cb2b649b88a19df963d20a4af89e4c6db3fc7f80738178ae9af6d,0xe210330d6768030e816d223836335079c7a0c851,['0902f1ac'
1061289,1061289,1061289.0,,11159122,133.0,0x3b4e79d00bac8da7bfc80654a64d7e2a6c423c758894d3b9c0d7cba7bd082e0d,0xe210330d6768030e816d223836335079c7a0c851,['0902f1ac'
1062187,1062187,1062187.0,,11159134,113.0,0xe9a14a5e578e1101fa17ed208bcbef27a5c8fd5c0885d17444de49782b12407d,0xe210330d6768030e816d223836335079c7a0c851,['0902f1ac'
1063712,1063712,1063712.0,,11259592,84.0,0x3d01c89060a31ccdd69a5200d6255ecdf8555a0300bc375d7703f798c421402a,0xe210330d6768030e816d223836335079c7a0c851,['0902f1ac'
1063796,1063796,1063796.0,,11259593,95.0,0x145404cc44d43f72d1673a3b1f37eb5dc05c7f05f0259ca0650b224302d85f36,0xe210330d6768030e816d223836335079c7a0c851,['0902f1ac'
1069965,1069965,1069965.0,,11209413,121.0,0xe8f902198c282bb6683f81cedb4af1fde8df5dd54204b24e768508eb6a7d1fe0,0xe210330d6768030e816d223836335079c7a0c851,['0902f1ac'
1070082,1070082,1070082.0,,11209415,151.0,0x007ce0d354ad2d698adfaab6900f2b0bab77b5e2f627e864007989ee4438e6fa,0xe210330d6768030e816d223836335079c7a0c851,['0902f1ac'
1080742,1080742,1080742.0,,11159396,141.0,0xc3d41b22aa27da7a19faae03305e4e4ffb95a12d4ec94c26fd15df7807d8da38,0xe210330d6768030e816d223836335079c7a0c851,['0902f1ac'
1080810,1080810,1080810.0,,11159397,127.0,0x25a8796a98b85a67b75b1f9e31b61cf97d95a5a0ba50b2b4de5f6ba088ffbd6e,0xe210330d6768030e816d223836335079c7a0c851,['0902f1ac'
1081328,1081328,1081328.0,,11259848,146.0,0x4bc382ea9ef78b3d6831ec877dc44db7394462ef1b925f2ca9d97e13b4acbad4,0xe210330d6768030e816d223836335079c7a0c851,['0902f1ac'
1081483,1081483,1081483.0,,11259850,84.0,0x7206c406cfc6d5eba39e3a96ec93bb2870b79ce82197399591520d6f0a5e2018,0xe210330d6768030e816d223836335079c7a0c851,['0902f1ac'
1088446,1088446,1088446.0,,11209681,79.0,0x0f47788bc3ac12624734e4d2d790356dea4629b9d967739df9f5a02639cd6603,0xe210330d6768030e816d223836335079c7a0c851,['0902f1ac'
1088524,1088524,1088524.0,,11209682,170.0,0x8adca033b15a42413cee3cf49204ee593e4b456817b97c18b15927e48a478cef,0xe210330d6768030e816d223836335079c7a0c851,['0902f1ac'
1098832,1098832,1098832.0,,11260127,37.0,0x9a0749d85d8df255f263bb789e8234cbe73a8c1914793b179e52bfd8719abc2a,0xe210330d6768030e816d223836335079c7a0c851,['0902f1ac'
1098877,1098877,1098877.0,,11260128,127.0,0xab500c6db50eee19656d6e42439452c7b98babcb28fbd877ba0bda5008fe7ed5,0xe210330d6768030e816d223836335079c7a0c851,['0902f1ac'
1100459,1100459,1100459.0,,11159676,88.0,0xbf251000cedca6d8ef85440414f3a0bc0f1501e3e3a1df09fc4ff0efd647f024,0xe210330d6768030e816d223836335079c7a0c851,['0902f1ac'
1100586,1100586,1100586.0,,11159678,44.0,0x50ab4017cc5e4abdb3ce5bf19a1af4e8007d174ff8686fe2f6b54594128d2ab0,0xe210330d6768030e816d223836335079c7a0c851,['0902f1ac'
1107903,1107903,1107903.0,,11209949,82.0,0xd8fecc14a16226e65ea5cf9608395585d5629ca321926ca86c0b242fcdde42e5,0xe210330d6768030e816d223836335079c7a0c851,['0902f1ac'
1108040,1108040,1108040.0,,11209951,18.0,0xa0eb0dd276124844474d7747110047f2bf811ba0e6f628e8fffdff36684923e7,0xe210330d6768030e816d223836335079c7a0c851,['0902f1ac'
1122093,1122093,1122093.0,,11260407,20.0,0x23ffa7986395f4883ac5b872a48dbe1f18fae2d175255daee089a49d70a23695,0xe210330d6768030e816d223836335079c7a0c851,['0902f1ac'
1122335,1122335,1122335.0,,11260411,18.0,0x8c0136f561a5bd5ba229fa25b88e8cedbf889ec188a094482d177beacf14b55b,0xe210330d6768030e816d223836335079c7a0c851,['0902f1ac'
1122722,1122722,1122722.0,,11159951,114.0,0xb9535c4f30d198ea136e71e3434d79452bb3f600ce0a8744d257caf318d5ad88,0xe210330d6768030e816d223836335079c7a0c851,['0902f1ac'
1123020,1123020,1123020.0,,11159954,119.0,0x995668798657eea47a1c4df8ee373dfdc093ac239967ede8d42459393a61d676,0xe210330d6768030e816d223836335079c7a0c851,['0902f1ac'
1130990,1130990,1130990.0,,11210240,93.0,0xae7dfdad6c56c2c51bc8e13db165e16dc13169ff44d0193741f227976a24e848,0xe210330d6768030e816d223836335079c7a0c851,['0902f1ac'
1131362,1131362,1131362.0,,11210246,58.0,0x1ba0868e7d08905fd4974f7ef9bc234c8513ec4200c09bb93a08e46412704ca1,0xe210330d6768030e816d223836335079c7a0c851,['0902f1ac'
1140975,1140975,1140975.0,,11260669,63.0,0xb6e38c1ae6324ecd817a6e902fe0f97d396bacd6a4af340352db79de544bb7ce,0xe210330d6768030e816d223836335079c7a0c851,['0902f1ac'
1141086,1141086,1141086.0,,11260670,150.0,0x1c50f3e3ab62f57883d55a019d2bd4cbabe03cfa714c34e39c0c05fcfd92b085,0xe210330d6768030e816d223836335079c7a0c851,['0902f1ac'
1141574,1141574,1141574.0,,11160213,123.0,0xa19aa2c575e6095166db865868a4a1138919e6d6948cd12ee1bb1e3498e58cbe,0xe210330d6768030e816d223836335079c7a0c851,['0902f1ac'
1141960,1141960,1141960.0,,11160219,143.0,0xb1e4537616619de67d59e87f31ff29d8603e3cb98be97fe7707ef01eddddc58d,0xe210330d6768030e816d223836335079c7a0c851,['0902f1ac'
1148907,1148907,1148907.0,,11210479,140.0,0x48e5d332bf3ac3e2cb284467c2c2be7d26b03307166a178e5c66a87c70522bf9,0xe210330d6768030e816d223836335079c7a0c851,['0902f1ac'
1149158,1149158,1149158.0,,11210482,137.0,0xfa2fe26234f98f1dd2a0ab5602e7ccfff26e05a54c175c23ce543f56549f4758,0xe210330d6768030e816d223836335079c7a0c851,['0902f1ac'
1162120,1162120,1162120.0,,11260958,10.0,0x18af335112758db81b4dea743924bcc62e24417eea48be25eed974bc8480ea3a,0xe210330d6768030e816d223836335079c7a0c851,['0902f1ac'
1162198,1162198,1162198.0,,11260959,43.0,0xf7ed6538091df795fbb7e2adea2e049208e98745fa5047691c8452583e4fbc8e,0xe210330d6768030e816d223836335079c7a0c851,['0902f1ac'
1163659,1163659,1163659.0,,11160493,96.0,0x91843f5fade6f0925d7859cbc9bfe74a380342e6c649f06d7b22b12daadbc769,0xe210330d6768030e816d223836335079c7a0c851,['0902f1ac'
1163733,1163733,1163733.0,,11160494,101.0,0x843d37e02421ad6238613c1c94e6b3cbdffb9b3d9b1f844797c339b8bd8e082a,0xe210330d6768030e816d223836335079c7a0c851,['0902f1ac'
1169308,1169308,1169308.0,,11210768,90.0,0x4460ab81a4dd059c78d616d7167f302711084e9b5aa26cb023da57ef6d9884c6,0xe210330d6768030e816d223836335079c7a0c851,['0902f1ac'
1170764,1170764,1170764.0,,11210793,152.0,0xc7524bb311d45f0c82255f8be0f96a69f4f696207668fcea19ba9b3f851d0ac7,0xe210330d6768030e816d223836335079c7a0c851,['0902f1ac'
1170866,1170866,1170866.0,,11210795,59.0,0x749e4431f97e0e2b1fc2a93b49ba2922832fa82fa256033c7a4a3d48e278f5a0,0xe210330d6768030e816d223836335079c7a0c851,['0902f1ac'
1171185,1171185,1171185.0,,11210801,75.0,0xa65d315e3dd790c28a5ee5bccc9159cc327cdef9c44ddb52de804fcf93b55d5e,0xe210330d6768030e816d223836335079c7a0c851,['0902f1ac'
1177897,1177897,1177897.0,,11160734,74.0,0xe7c4285e4cf7c577b44134f2479b4b3241b678dcecb681694b445c7f52e0775c,0xe210330d6768030e816d223836335079c7a0c851,['0902f1ac'
1177999,1177999,1177999.0,,11160736,13.0,0xb5e8a1d157a7bf11ef259fa7671486172fea08b40e4347fd97d1b7ec08132879,0xe210330d6768030e816d223836335079c7a0c851,['0902f1ac'
1181198,1181198,1181198.0,,11261213,159.0,0xf77e966b61d794d69775fd539667b11843f4dd5b27b73b4ded553c15e36e5c3d,0xe210330d6768030e816d223836335079c7a0c851,['0902f1ac'
1181342,1181342,1181342.0,,11261215,90.0,0xd5b8ea0c9547e45f9bc08d1fa94fa21288bcacf08a7dfafb74082d9c11cdf200,0xe210330d6768030e816d223836335079c7a0c851,['0902f1ac'
1185221,1185221,1185221.0,,11211006,57.0,0x317cc063cb11075cfe9f0e5474e1f09ea781a2a5d9c7e481a0e2af0398f4135c,0xe210330d6768030e816d223836335079c7a0c851,['0902f1ac'
1185294,1185294,1185294.0,,11211007,126.0,0x75cf8dccca74ec3384173889ed662a0f1754a8e14f0b540e59b6b8b865def778,0xe210330d6768030e816d223836335079c7a0c851,['0902f1ac'
1196843,1196843,1196843.0,,11161001,58.0,0x4dce7b51e598638a4b5039ac2aa227ac430522d84c82c373b931ea1d4435b103,0xe210330d6768030e816d223836335079c7a0c851,['0902f1ac'
1196925,1196925,1196925.0,,11161002,70.0,0x915b6e87fbeb5a92a1ddb8ba8c3c94de24d9cd80dae7d72383ddba5ba0c92dc7,0xe210330d6768030e816d223836335079c7a0c851,['0902f1ac'
1199323,1199323,1199323.0,,11261488,74.0,0xbd5f2f5fed0c3af3e2ddf9fa52fc3fd983652e1416a029c32059a283002477d9,0xe210330d6768030e816d223836335079c7a0c851,['0902f1ac'
1199522,1199522,1199522.0,,11261491,69.0,0x4ab7fc8db4b072d62a01244dfe1fd19928a4156ff07b338896af77aa092cd718,0xe210330d6768030e816d223836335079c7a0c851,['0902f1ac'
1203599,1203599,1203599.0,,11211265,25.0,0xf27a0bfef2393b6e761e6edf3b3bf17ca4490988ab4cce0eaf27e50570598cd5,0xe210330d6768030e816d223836335079c7a0c851,['0902f1ac'
1203748,1203748,1203748.0,,11211267,59.0,0x0cd4bf43f7bdfdc55672826c2ddca0b419feeb60353911f7033ec2bca1fa7bba,0xe210330d6768030e816d223836335079c7a0c851,['0902f1ac'
1216539,1216539,1216539.0,,11261750,77.0,0x7fa48b3c5a7e997bb459605a6aef2427720310475b5cc8ac1a0c7ea64b9fb332,0xe210330d6768030e816d223836335079c7a0c851,['0902f1ac'
1216668,1216668,1216668.0,,11261752,138.0,0x6791c17d4ed2783fcd048504c99891837c474a627f0eaab8e493f8bfeeceff65,0xe210330d6768030e816d223836335079c7a0c851,['0902f1ac'
1218745,1218745,1218745.0,,11161334,31.0,0x1551d7bfe389337948c334768de676067aea8d90958ef4da41447f65cbf95206,0xe210330d6768030e816d223836335079c7a0c851,['0902f1ac'
1219878,1219878,1219878.0,,11161349,70.0,0x7275bdb3cb070fb6ef56e39913d2794c6a9517352285a03b093717043ee89e6b,0xe210330d6768030e816d223836335079c7a0c851,['0902f1ac'
1224055,1224055,1224055.0,,11211590,100.0,0xd93f9b505ee162205a258d28fc7f139008b54b76b257cef212ac9f77c6fc8f15,0xe210330d6768030e816d223836335079c7a0c851,['0902f1ac'
1224142,1224142,1224142.0,,11211593,73.0,0x8cd8faec69b9926837bdfbdcab3fd5e6378d7d2aa83cb109f2bf9d86b85c9ed3,0xe210330d6768030e816d223836335079c7a0c851,['0902f1ac'
1232668,1232668,1232668.0,,11262033,11.0,0xe980aa5ee735134ce30e1c14ff18013c9483e5af6ce2f6c8efaf0c3a134fb139,0xe210330d6768030e816d223836335079c7a0c851,['0902f1ac'
1232777,1232777,1232777.0,,11262036,66.0,0x64a55af2aa2deeac1d3d69f0ef1ba030ac7ee4fda9fa005ffa3d51eba4794136,0xe210330d6768030e816d223836335079c7a0c851,['0902f1ac'
1237615,1237615,1237615.0,,11161592,17.0,0xb35eb58a6fbf2c9794c7e01553d64698500b8ae633627ac47a366a8d630c0aec,0xe210330d6768030e816d223836335079c7a0c851,['0902f1ac'
1237808,1237808,1237808.0,,11161595,83.0,0xdedf621392c1d878e4bc6ee236d5f0d11a147db6f1f28eea7df31da6ceb43e33,0xe210330d6768030e816d223836335079c7a0c851,['0902f1ac'
1238924,1238924,1238924.0,,11211828,99.0,0xa47fab9a6fc0b8bccae4e141a7749b295348fa82ef8c9c98e4f333140aaf71bb,0xe210330d6768030e816d223836335079c7a0c851,['0902f1ac'
1239081,1239081,1239081.0,,11211830,74.0,0xf9509e28e2a7070d56321ec0ff4bb734e119df3d49a1a50a066a2b04b0ee2b19,0xe210330d6768030e816d223836335079c7a0c851,['0902f1ac'
1254954,1254954,1254954.0,,11262316,50.0,0xb67dc60e8be9aaa66e02d6608c55110e2de8b5e5ae33f4c0472e04c051b64feb,0xe210330d6768030e816d223836335079c7a0c851,['0902f1ac'
1255292,1255292,1255292.0,,11161829,161.0,0xb40dd163bd4932dbb9b87b75a583444199967e17760681c2c51c91de4b1ce526,0xe210330d6768030e816d223836335079c7a0c851,['0902f1ac'
1255462,1255462,1255462.0,,11161832,117.0,0xd8088781a5a97b91c4e3daf2ab5c7d0d8d004e52bac789ed33aa95fbaf121277,0xe210330d6768030e816d223836335079c7a0c851,['0902f1ac'
1260939,1260939,1260939.0,,11212116,109.0,0x9b5177d5c52e01041a98fee5adfc1e0678fbc3a5c775226aa334da8c319b7316,0xe210330d6768030e816d223836335079c7a0c851,['0902f1ac'
1261068,1261068,1261068.0,,11212119,53.0,0xfea9682545e167468cadb539b37e07d6cded0e1ba6c4c2f8f7bf2a44aa81899d,0xe210330d6768030e816d223836335079c7a0c851,['0902f1ac'
1263087,1263087,1263087.0,,11262428,50.0,0x8be9f20d914e152c8f215917099b7090de504c818864fcfe0a73774919fc2857,0xe210330d6768030e816d223836335079c7a0c851,['0902f1ac'
1274785,1274785,1274785.0,,11162105,88.0,0x1446f23b61dd339949547922393bb9a4e30d758471d4bed49731cf9d8294d06b,0xe210330d6768030e816d223836335079c7a0c851,['0902f1ac'
1274839,1274839,1274839.0,,11162106,193.0,0xd886d4b6db2b530bfa0a568a08074ab0b3034ac9b1b7b884c047da9dbe3a49e8,0xe210330d6768030e816d223836335079c7a0c851,['0902f1ac'
1279462,1279462,1279462.0,,11262660,112.0,0x2435357c1ef3bdd4b7534c85ad559dd61ad70eaba85507ab913c8d7bd3bd89e8,0xe210330d6768030e816d223836335079c7a0c851,['0902f1ac'
1279519,1279519,1279519.0,,11262661,80.0,0x434f005ec8e80b290b7e4250ae2c642a8b17e1059003af3d2c9e3349796a52b2,0xe210330d6768030e816d223836335079c7a0c851,['0902f1ac'
1282602,1282602,1282602.0,,11212373,147.0,0x7633f35654f49a8bb576a163a15dec1f92749edc20ac16fb96e2e5eb95471180,0xe210330d6768030e816d223836335079c7a0c851,['0902f1ac'
1282694,1282694,1282694.0,,11212374,91.0,0x6f6e2365b3319582a1bab8747b19a7081c49638319a05083f69ee229529a9d16,0xe210330d6768030e816d223836335079c7a0c851,['0902f1ac'
1290680,1290680,1290680.0,,11262829,52.0,0x6764b9aff30d1848810b36916f5741dca86cebd6f245744011fc144ff35d8c51,0xe210330d6768030e816d223836335079c7a0c851,['0902f1ac'
1291009,1291009,1291009.0,,11262834,42.0,0xf8c7a2aa5ea5ec1c1d1caa16f504cd064aa7bae0317f73f4f66e24e107d68bb3,0xe210330d6768030e816d223836335079c7a0c851,['0902f1ac'
1291094,1291094,1291094.0,,11262836,60.0,0xdccb026db2178952a0de44623262c0ebf488a4cf669c88204a8c5f046bea8794,0xe210330d6768030e816d223836335079c7a0c851,['0902f1ac'
1291204,1291204,1291204.0,,11262838,108.0,0x76a9b75c1a9bc3fd95fea4b89b36fe59dec12e35c18f999a12070bc9ad8c7d46,0xe210330d6768030e816d223836335079c7a0c851,['0902f1ac'
1298363,1298363,1298363.0,,11162475,55.0,0x3cb58b9353bb1257d8068e9936d46a6680b0af4bd487d37ffd1c1cbdc76d0dc3,0xe210330d6768030e816d223836335079c7a0c851,['0902f1ac'
1299006,1299006,1299006.0,,11162484,137.0,0x3e0ab5979b449a50e706c52ba9dd969af945a9dd7ce12c55d3441409a94061fb,0xe210330d6768030e816d223836335079c7a0c851,['0902f1ac'
1301822,1301822,1301822.0,,11212631,108.0,0x305988e9ce7445a34ddb2c6aa747efe9fcef64bfc0e135e5c2791047c6906fad,0xe210330d6768030e816d223836335079c7a0c851,['0902f1ac'
1301943,1301943,1301943.0,,11212633,13.0,0x3c988eaef484c7b49b894ce3de1c637458aa34825deec867512dbad9ef0236bc,0xe210330d6768030e816d223836335079c7a0c851,['0902f1ac'
1310793,1310793,1310793.0,,11263105,48.0,0x83a0d4ef6d5104587db6f26e8b7adfc3da7900c3e6f32972969121df912c7625,0xe210330d6768030e816d223836335079c7a0c851,['0902f1ac'
1310896,1310896,1310896.0,,11263106,102.0,0x97ae548c28fbe9d3e2c2acb8b2293029ab1df1e8a60d461456b8f9b2a801fd1d,0xe210330d6768030e816d223836335079c7a0c851,['0902f1ac'
1321000,1321000,1321000.0,,11212887,91.0,0xdcb4eac543b0fb0cc6e3420b900e772490c9d569e367f1dc94e43013f618f006,0xe210330d6768030e816d223836335079c7a0c851,['0902f1ac'
1321153,1321153,1321153.0,,11212890,123.0,0x89e6ab0ac993b152af27e8534cce23511253d924ea0cae709c6d0c0acbd699a7,0xe210330d6768030e816d223836335079c7a0c851,['0902f1ac'
1324020,1324020,1324020.0,,11162829,157.0,0xee2b9d4cec3cfe0c6ad3ca2acaf0878d0b654c76f09509c46f3a3938bfeb31b3,0xe210330d6768030e816d223836335079c7a0c851,['0902f1ac'
1336724,1336724,1336724.0,,11263422,93.0,0xf87427accff9d7c869113685ed3fa0534b30684044f2cdb8f4f27ca7e8943f5a,0xe210330d6768030e816d223836335079c7a0c851,['0902f1ac'
1336816,1336816,1336816.0,,11263423,96.0,0x35f8679ccc3ecd0603ef0a89aac76782eca176a305f1f009844b13bc4b012651,0xe210330d6768030e816d223836335079c7a0c851,['0902f1ac'
1337756,1337756,1337756.0,,11163019,80.0,0xbd8b430243bc1b1a65dc2d087a151f92be0234b501b59b9db9a568ae678a6354,0xe210330d6768030e816d223836335079c7a0c851,['0902f1ac'
1338095,1338095,1338095.0,,11163022,108.0,0x59283494f0f48586a726a6556d07ad21b0a785033e4ff0a4408092d20470fa40,0xe210330d6768030e816d223836335079c7a0c851,['0902f1ac'
1343308,1343308,1343308.0,,11213177,23.0,0x871954f44b1b301fe6a6605241b36ec1debfef1cd135467626922cd1e4200bc9,0xe210330d6768030e816d223836335079c7a0c851,['0902f1ac'
1343548,1343548,1343548.0,,11213180,32.0,0x90d1158ac7b1601dff1a9afa5f96150ad368c31e232aaf105267322dc771dc45,0xe210330d6768030e816d223836335079c7a0c851,['0902f1ac'
1349393,1349393,1349393.0,,11163194,141.0,0x5408667d793631d60841961b9beff47c265dc66e08726a3dca40fa26cfa3e95c,0xe210330d6768030e816d223836335079c7a0c851,['0902f1ac'
1349708,1349708,1349708.0,,11163200,79.0,0xe22cf1cea6a0b9a95d295ff16514ac723a6859068e86049c86b5b69e8da85a53,0xe210330d6768030e816d223836335079c7a0c851,['0902f1ac'
1354956,1354956,1354956.0,,11263680,14.0,0x8738d9ad127f93e96b7f5fe292e806fede395f05f9ef18f371f888bfe9481376,0xe210330d6768030e816d223836335079c7a0c851,['0902f1ac'
1356405,1356405,1356405.0,,11263696,46.0,0x6522b606f71230239c877350f3f6b555bf9b647767cd615b25afa0d671dc7d3d,0xe210330d6768030e816d223836335079c7a0c851,['0902f1ac'
1360511,1360511,1360511.0,,11213431,87.0,0xb95602e070f94cb36eaedb69b1fa8a6d5688886e010e03b7f95b9572b92fbaee,0xe210330d6768030e816d223836335079c7a0c851,['0902f1ac'
1360838,1360838,1360838.0,,11213434,45.0,0xa83840e7fc46d3ac398c468896b520eacdd5056d768ae7eb43dc8905cff8a2c4,0xe210330d6768030e816d223836335079c7a0c851,['0902f1ac'
1367296,1367296,1367296.0,,11163461,97.0,0x9fb1cd235219690da698a92a562f7292c41fa363cb4fe9275378722f0eee9b7f,0xe210330d6768030e816d223836335079c7a0c851,['0902f1ac'
1367559,1367559,1367559.0,,11163465,113.0,0xdff734e23d4986ac2032327bf367a8d5e96ec5efc6500427757a8bbc67196b5d,0xe210330d6768030e816d223836335079c7a0c851,['0902f1ac'
1378995,1378995,1378995.0,,11213699,98.0,0x9611452d392987beb1acd1930171853f24d7f3bbedead2f5c4f2c7c6b7323354,0xe210330d6768030e816d223836335079c7a0c851,['0902f1ac'
1379116,1379116,1379116.0,,11213701,83.0,0x03a00948f5f98e8abfe5419115fcc97c44fc86aeac3bfc0183a34a23d57ae9d4,0xe210330d6768030e816d223836335079c7a0c851,['0902f1ac'
1381017,1381017,1381017.0,,11264009,151.0,0x569d6fd32d45eb8ea1b1caeaf4cd0a4347c80563130df0310e1386f84c118479,0xe210330d6768030e816d223836335079c7a0c851,['0902f1ac'
1381836,1381836,1381836.0,,11264019,63.0,0xcb9adef115a73062478ba42b6ef404e1a695bee3e81eae17f861904df6679216,0xe210330d6768030e816d223836335079c7a0c851,['0902f1ac'
1385019,1385019,1385019.0,,11163722,120.0,0x07597d8b159c4e0433c4a99bcd94cd7eab9d9d47bb730605b4ced3de759ef7e7,0xe210330d6768030e816d223836335079c7a0c851,['0902f1ac'
1385347,1385347,1385347.0,,11163727,152.0,0xc831f43ad1ed09e655b86def1c2ec3badbf2f433debe96b8d027d2b9ebd173c1,0xe210330d6768030e816d223836335079c7a0c851,['0902f1ac'
1396152,1396152,1396152.0,,11213952,66.0,0x6b8594130a62588a79e1ba1c2fcbdabbd0497aff2336e337dc69601c5f89edad,0xe210330d6768030e816d223836335079c7a0c851,['0902f1ac'
1396373,1396373,1396373.0,,11213955,158.0,0xd0140fd1148fc5b81639aea5f3b42b1a33d5b2bf45fab528f23aa8b38831c478,0xe210330d6768030e816d223836335079c7a0c851,['0902f1ac'
1397471,1397471,1397471.0,,11264247,37.0,0x7efbf271e5e46ff5a5840748393aafacf0d8a1b01c77e41419378ee7206f16eb,0xe210330d6768030e816d223836335079c7a0c851,['0902f1ac'
1397534,1397534,1397534.0,,11264248,117.0,0x16b6110153c4f4868352ed5fd6357317b9fb72b2182a5bb84ffb544d4eecf0e8,0xe210330d6768030e816d223836335079c7a0c851,['0902f1ac'
1401101,1401101,1401101.0,,11163949,75.0,0x456feefc3a58c4f3295b1f1e825504cb268198a8998a50794aaadc53926c56d1,0xe210330d6768030e816d223836335079c7a0c851,['0902f1ac'
1401484,1401484,1401484.0,,11163952,91.0,0xad324fd61a23e6f523e7050443debd5f9b5b572c8a5d3d1b37d6183473d35ece,0xe210330d6768030e816d223836335079c7a0c851,['0902f1ac'
1402202,1402202,1402202.0,,11163963,100.0,0x907a66575df7bd05ba03bc1368ce2c784b8cdc954761b81cba9b289758937902,0xe210330d6768030e816d223836335079c7a0c851,['0902f1ac'
1413852,1413852,1413852.0,,11214235,145.0,0x402aed2612d545190c0eaf7880a7800cd86327a49b0259e5c41e96ac6c11d83c,0xe210330d6768030e816d223836335079c7a0c851,['0902f1ac'
1415277,1415277,1415277.0,,11214265,171.0,0x6544a73e8de6813b20d3232329b198f5bd809eb3f60de0f7ec0a110cb24d031c,0xe210330d6768030e816d223836335079c7a0c851,['0902f1ac'
1416299,1416299,1416299.0,,11264514,105.0,0x982230fce10545969567e80adf617c44ff07fa085f73d095aae762ee9f884dcc,0xe210330d6768030e816d223836335079c7a0c851,['0902f1ac'
1416392,1416392,1416392.0,,11264516,15.0,0xee9cf3963f80ff082bb13b9ad5858ea70a1f96a4309f4c5736292d2dd6fad335,0xe210330d6768030e816d223836335079c7a0c851,['0902f1ac'
1424515,1424515,1424515.0,,11164329,170.0,0xb7026527f84837e18bef870aeb7d9a1a1b826ce96204bd18db114f3d3e4c0775,0xe210330d6768030e816d223836335079c7a0c851,['0902f1ac'
1425356,1425356,1425356.0,,11164340,98.0,0x373d3880b598ff9afac25ee4ae167ca7826e7221ae63f0c61dd05fd3d3507080,0xe210330d6768030e816d223836335079c7a0c851,['0902f1ac'
1430444,1430444,1430444.0,,11214526,90.0,0x1ed0fe1549d469a45796c9a0fa8a3435ebe725744d6c79cbe814e339218c7971,0xe210330d6768030e816d223836335079c7a0c851,['0902f1ac'
1435236,1435236,1435236.0,,11264826,68.0,0xd1941ad15a75ef9bf4d0bc797fcc33c14e9c38a483082f1e21f6c0026828d50f,0xe210330d6768030e816d223836335079c7a0c851,['0902f1ac'
1435298,1435298,1435298.0,,11264828,25.0,0x6255c17266df0ad9b9844df2ba089b8423f57b8e4e4f811f42c10ef4e48d4981,0xe210330d6768030e816d223836335079c7a0c851,['0902f1ac'
1449424,1449424,1449424.0,,11164718,87.0,0x2e292bc3dea79921d5a4682d3ea4af11c8cd36fef33e835a247cee4d8694855c,0xe210330d6768030e816d223836335079c7a0c851,['0902f1ac'
1452517,1452517,1452517.0,,11265085,34.0,0xdead4ef34b32617c861b11aaee9e22323792cbf65cc518353dd7060f8ad68453,0xe210330d6768030e816d223836335079c7a0c851,['0902f1ac'
1452614,1452614,1452614.0,,11265086,71.0,0x6d6e1ae8dc0cc071606cba4b8df75436392f4605dc148f2c02c747ed3ec7fc37,0xe210330d6768030e816d223836335079c7a0c851,['0902f1ac'
1456625,1456625,1456625.0,,11164820,123.0,0x8529bbfc548d51d584f43441ed6f5fac3d8a5ed7c98d1c2ec8493d6eada67f34,0xe210330d6768030e816d223836335079c7a0c851,['0902f1ac'
1464470,1464470,1464470.0,,11164913,95.0,0x10df9cd1ba6beb89cb72a8b2a665f89905476aa6cd9d7d89202f4e54c347b1b2,0xe210330d6768030e816d223836335079c7a0c851,['0902f1ac'
1472317,1472317,1472317.0,,11265336,113.0,0xb2ca98bc97975b72e3c2fe649060cd883c074244eb007089548ddb422aebd60d,0xe210330d6768030e816d223836335079c7a0c851,['0902f1ac'
1472462,1472462,1472462.0,,11265338,64.0,0x7d53973c8c6837f7ea6997a5cac40f8a3b27334b82a33d149909a728d3c13d9d,0xe210330d6768030e816d223836335079c7a0c851,['0902f1ac'
1477188,1477188,1477188.0,,11165090,180.0,0xd99e6d9aa501aa6438ad3a2040fb3d38da9568e73c949c0502e563f7f557f50c,0xe210330d6768030e816d223836335079c7a0c851,['0902f1ac'
1477436,1477436,1477436.0,,11165094,5.0,0xd9abde6cbe580c3f9c258fe18e44dd7d391b99858b988ec84003678361f8e259,0xe210330d6768030e816d223836335079c7a0c851,['0902f1ac'
1477664,1477664,1477664.0,,11165097,68.0,0x9634ec7979a020643ea9d5682ba70b7c4c54cc1418c94c37aa7e989a8755e3af,0xe210330d6768030e816d223836335079c7a0c851,['0902f1ac'
1478567,1478567,1478567.0,,11165110,117.0,0x2eaedf828538326c218576337104f1e97f30865cd15cdce9f8e86ec6667ab86b,0xe210330d6768030e816d223836335079c7a0c851,['0902f1ac'
1494756,1494756,1494756.0,,11265625,64.0,0x7ce9e09eaf649453c3a6f50dcb3c7d894a113e2bd451adac57d8518d3460549b,0xe210330d6768030e816d223836335079c7a0c851,['0902f1ac'
1494961,1494961,1494961.0,,11265629,62.0,0xfb00274104bedf9d34977d6baf6a0d971a385d3cf52bb912ada3d15b28f3eeae,0xe210330d6768030e816d223836335079c7a0c851,['0902f1ac'
1499570,1499570,1499570.0,,11165380,155.0,0x29faac0d671dda7ce36c27b411b2b38e3af270ee7282695a5af9940362bcd2ad,0xe210330d6768030e816d223836335079c7a0c851,['0902f1ac'
1499682,1499682,1499682.0,,11165382,185.0,0x08b94e9ce55d64051ed6bdce4c1bc50d798233be3e6cf216ec297fd28fa16c29,0xe210330d6768030e816d223836335079c7a0c851,['0902f1ac'
1510003,1510003,1510003.0,,11265854,38.0,0x7466d74d26cae46d4ab140631a4a045196b857315231afae3720185cff810254,0xe210330d6768030e816d223836335079c7a0c851,['0902f1ac'
1510186,1510186,1510186.0,,11265856,37.0,0x6b0be7995789cb66af2a45c6bd126d6986579ba13a0d28f93c801077d7a3cb7d,0xe210330d6768030e816d223836335079c7a0c851,['0902f1ac'
1518683,1518683,1518683.0,,11165667,147.0,0x1809dec087763b7a13df565007c8daa85941e4f86c67257913f6533d0ba47a50,0xe210330d6768030e816d223836335079c7a0c851,['0902f1ac'
1518827,1518827,1518827.0,,11165670,44.0,0x6a7baab0c3d58642d73cbc8244453449c9d74a6f76d4f682c882eb07bad93ef1,0xe210330d6768030e816d223836335079c7a0c851,['0902f1ac'
1520531,1520531,1520531.0,,11215979,113.0,0xd2cd4fad39fac9da98ef9992a80e16bdb11a1e7bf1070b624e320da998996316,0xe210330d6768030e816d223836335079c7a0c851,['0902f1ac'
1520658,1520658,1520658.0,,11215981,46.0,0x51ca50f41f8db8b1305b65002d515671df4d1fd43ea51f5ae06388fe32ba34ae,0xe210330d6768030e816d223836335079c7a0c851,['0902f1ac'
1532215,1532215,1532215.0,,11266150,88.0,0x65d603f712e451a353d7d1e67e7f256669accbf8f19eb2031a518ad41102e751,0xe210330d6768030e816d223836335079c7a0c851,['0902f1ac'
1532407,1532407,1532407.0,,11216119,48.0,0xe89d34b9d0777d78fc78303591169a81311bf620363e42c20e5c3d226e6f6067,0xe210330d6768030e816d223836335079c7a0c851,['0902f1ac'
1532503,1532503,1532503.0,,11266151,101.0,0xcee094676102241d8a10e09a336bfce7122568788fcbc3a679eebc16e12fcc85,0xe210330d6768030e816d223836335079c7a0c851,['0902f1ac'
1532580,1532580,1532580.0,,11216121,147.0,0x59a56d1524411bf1ddbfd888fc2d9a3b48300b6f6cbd8418d5f1bf2f0644d6bd,0xe210330d6768030e816d223836335079c7a0c851,['0902f1ac'
1540976,1540976,1540976.0,,11165949,109.0,0xf2b1f97c143b63cc5e7aa7672d29d88401c0cc9a4826e0a2c2e132efa1be18a5,0xe210330d6768030e816d223836335079c7a0c851,['0902f1ac'
1541084,1541084,1541084.0,,11165950,69.0,0x1dd3e877ccf3ae231e2aea897d91a55d2a3df5bc9b45266719ecfc8b96c93077,0xe210330d6768030e816d223836335079c7a0c851,['0902f1ac'
1551824,1551824,1551824.0,,11216358,56.0,0x07686d3bd159e472aa2223042a2fd58cc70aebc4fef5282b80f2fd94b5167721,0xe210330d6768030e816d223836335079c7a0c851,['0902f1ac'
1551905,1551905,1551905.0,,11216359,58.0,0xdae44a769cc5a7ff13ed4f0f4a8247a4ebaadb579eb31bbd7e7ba65f8652dbe0,0xe210330d6768030e816d223836335079c7a0c851,['0902f1ac'
1554161,1554161,1554161.0,,11266393,43.0,0x3d28b28f87519e51f821bcc914514d6816f8085d64977719f08bd6c8a508f0d7,0xe210330d6768030e816d223836335079c7a0c851,['0902f1ac'
1554441,1554441,1554441.0,,11266396,156.0,0x5e2cd15c8cb43c48c03c9e009f5776c46af8d8eacc10776c2d900d64cb11bad4,0xe210330d6768030e816d223836335079c7a0c851,['0902f1ac'
1564549,1564549,1564549.0,,11166253,72.0,0x5fff971803ff1f56b41bd9082d11b5cca8ea37db62c9d3dab8d3f35a22d6812c,0xe210330d6768030e816d223836335079c7a0c851,['0902f1ac'
1564619,1564619,1564619.0,,11166254,88.0,0x8dab437ff416055798ec9f876434ce8821820cc1baca025a1379acf2fffc37ba,0xe210330d6768030e816d223836335079c7a0c851,['0902f1ac'
1571511,1571511,1571511.0,,11216645,49.0,0x1e752e357c267cd109ae50568ec77a18d26b9026677da5e3e419510c98deaa25,0xe210330d6768030e816d223836335079c7a0c851,['0902f1ac'
1572083,1572083,1572083.0,,11216652,48.0,0x2f61e8f55d32a2eb9a08776b101bed24994fefe51708ac14e0bdb84ffcd7b662,0xe210330d6768030e816d223836335079c7a0c851,['0902f1ac'
1577120,1577120,1577120.0,,11266671,73.0,0x97a6098b280b97e4ed3f71173cef7bb6eb7b27a0fef13124aa93616a6afacf33,0xe210330d6768030e816d223836335079c7a0c851,['0902f1ac'
1578070,1578070,1578070.0,,11266681,87.0,0xc1e805587f4bf995270f5e09ca80f5a39c1dade22864fba0c95b1c2e977967c0,0xe210330d6768030e816d223836335079c7a0c851,['0902f1ac'
1579710,1579710,1579710.0,,11166463,81.0,0x70d34f92720ec09a096f1c92ddcaa7238575790c9b91dd66f4c2aebb34a78d83,0xe210330d6768030e816d223836335079c7a0c851,['0902f1ac'
1579906,1579906,1579906.0,,11166466,66.0,0x103c27d5858167e04afb2dd1f2d5a595d7609b4299558e774679bc5298e9e60e,0xe210330d6768030e816d223836335079c7a0c851,['0902f1ac'
1590661,1590661,1590661.0,,11216890,136.0,0xb60b66be58369ec0bdc149515f637918672d8add69da029ce6216611b086c43f,0xe210330d6768030e816d223836335079c7a0c851,['0902f1ac'
1590935,1590935,1590935.0,,11216894,87.0,0x1f4934e0bcd4eab1da206e32a209d9d950694b45359e28a47260226239d4ecae,0xe210330d6768030e816d223836335079c7a0c851,['0902f1ac'
1596340,1596340,1596340.0,,11266916,68.0,0xe21dbe844edb003b28afe6c4f8c830a9453d80c9d664601537f73c964c2331c1,0xe210330d6768030e816d223836335079c7a0c851,['0902f1ac'
1596389,1596389,1596389.0,,11266917,103.0,0x6e651b0f1f2cd9f403920fbf5570001cd67fdf9df173738278027af93760be50,0xe210330d6768030e816d223836335079c7a0c851,['0902f1ac'
1598529,1598529,1598529.0,,11166723,95.0,0x4048d167f5f6bf84585dd61b1f8610435e954f448efb005b65dbeee9a64a1487,0xe210330d6768030e816d223836335079c7a0c851,['0902f1ac'
1598618,1598618,1598618.0,,11166725,37.0,0xf8af0711d0e8f1635e7b85bce2141f316add1e7c3414d6135cc6e8f36ca02b68,0xe210330d6768030e816d223836335079c7a0c851,['0902f1ac'
1609032,1609032,1609032.0,,11217165,115.0,0x29104bd596e106e088417804e59a0bf7ac746bb629d0acab10e25533480c8ba1,0xe210330d6768030e816d223836335079c7a0c851,['0902f1ac'
1609132,1609132,1609132.0,,11217167,94.0,0x33bfbfdf02d2c98373184d248be37e6a61c44bd3e08fc9f606605723f6b977a2,0xe210330d6768030e816d223836335079c7a0c851,['0902f1ac'
1609191,1609191,1609191.0,,11217168,211.0,0xaa47bc05310225c523ed56e7714578044960bc01a635152a044155951a279c1d,0xe210330d6768030e816d223836335079c7a0c851,['0902f1ac'
1609352,1609352,1609352.0,,11217170,14.0,0x878f7fbb61ec326ada17d05970158f833223e8c3c6375b9096f4341d4bb7b4a6,0xe210330d6768030e816d223836335079c7a0c851,['0902f1ac'
1616802,1616802,1616802.0,,11267203,142.0,0x2937dbbeff6792beb1deeaecb53ff47c9ede19a3373be96bc9aa2278a775afad,0xe210330d6768030e816d223836335079c7a0c851,['0902f1ac'
1617137,1617137,1617137.0,,11267209,95.0,0x2b39e8fea0b72a87ef852a7845060b8f628c5a405a2fb0de55f6bbcb6caa98d8,0xe210330d6768030e816d223836335079c7a0c851,['0902f1ac'
1622938,1622938,1622938.0,,11167076,117.0,0xb24f92ed3690c6d8357b6e8f64632b8fad46f5730152a2cfcd5f1a2882a228a6,0xe210330d6768030e816d223836335079c7a0c851,['0902f1ac'
1630498,1630498,1630498.0,,11217459,101.0,0x10198444929349bd21399472eeac7232659ef039b6b89424f15cd0b13608a296,0xe210330d6768030e816d223836335079c7a0c851,['0902f1ac'
1630642,1630642,1630642.0,,11217461,71.0,0xda32f55b66acd2cdd018cc56bdb786cddecf8e8d9f149b09f5c1768616513f91,0xe210330d6768030e816d223836335079c7a0c851,['0902f1ac'
1637524,1637524,1637524.0,,11267505,14.0,0xf19b2442a2c0fb5e9b0d3435d70635ca9b4c96eabe86d0ca0a74e08ed1adfe65,0xe210330d6768030e816d223836335079c7a0c851,['0902f1ac'
1641659,1641659,1641659.0,,11167357,143.0,0x4048c0943645b938abdf3a06840ce9a9b413c07ffb66b0cb1973e94794e1f851,0xe210330d6768030e816d223836335079c7a0c851,['0902f1ac'
1641723,1641723,1641723.0,,11167358,82.0,0x74cd2594f9212fb0d33529bd663f6670aa4aa9dd5ae48a922f2091f351f5a900,0xe210330d6768030e816d223836335079c7a0c851,['0902f1ac'
1645819,1645819,1645819.0,,11267617,35.0,0xc275ba7bdd37949c6b02ad5cf9bbf847c600785c8f17cd92d7c189cd87a0a4a6,0xe210330d6768030e816d223836335079c7a0c851,['0902f1ac'
1650487,1650487,1650487.0,,11217728,66.0,0xc277082dedc3ba1fa659188fbd1d6e1d4d9cb5e738c34272485267b958c417da,0xe210330d6768030e816d223836335079c7a0c851,['0902f1ac'
1650689,1650689,1650689.0,,11217730,92.0,0x17cc13f8258f85bdb32dc2cf2fecec83e65f16908902f714d2a8a847ae806610,0xe210330d6768030e816d223836335079c7a0c851,['0902f1ac'
1654972,1654972,1654972.0,,11167551,101.0,0x27d7c1af17e039e6666e825c19f6b744c08e5eb7ec1d59a860eca95686a03e81,0xe210330d6768030e816d223836335079c7a0c851,['0902f1ac'
1659003,1659003,1659003.0,,11167608,43.0,0xed9c1e147849c3c71b3c82fabaa4a7626b9d4ea8d099bfd5b99c4af44b467837,0xe210330d6768030e816d223836335079c7a0c851,['0902f1ac'
1662892,1662892,1662892.0,,11267839,17.0,0x8157f699ffc91f854c1255fd9f25ff4827fc6b4f1907e471d99c8954516738e6,0xe210330d6768030e816d223836335079c7a0c851,['0902f1ac'
1663696,1663696,1663696.0,,11267850,77.0,0x529354995c2150c0c2bb4c6606149e2adf15fa108ea957a5be017912dc0354dd,0xe210330d6768030e816d223836335079c7a0c851,['0902f1ac'
1671981,1671981,1671981.0,,11218030,80.0,0x5b5d84c279f6fb2c7cf0633c0d9c5927dce1e36115ef11501ca2c5348ab502a6,0xe210330d6768030e816d223836335079c7a0c851,['0902f1ac'
1672743,1672743,1672743.0,,11218041,132.0,0x8bae2d327bf13d6566e73e778ce98ff8972310f99513d5d586b0acd74ebe37be,0xe210330d6768030e816d223836335079c7a0c851,['0902f1ac'
1675267,1675267,1675267.0,,11268008,121.0,0x82f0cb85986bc262d0329344129b0a5bb27952f22fa1b399a561835ec2546937,0xe210330d6768030e816d223836335079c7a0c851,['0902f1ac'
1675340,1675340,1675340.0,,11268009,87.0,0x49ef2451722f0278a5ff1ff1a796766eca14a270c99cfaa8047f3cd9f783afd1,0xe210330d6768030e816d223836335079c7a0c851,['0902f1ac'
1680111,1680111,1680111.0,,11167919,43.0,0x24b95412c5c638a60ddcb3301e412b9736e01c6f9183e6114459bb42eaa45342,0xe210330d6768030e816d223836335079c7a0c851,['0902f1ac'
1680254,1680254,1680254.0,,11167921,154.0,0x53fc5dacbee43e1542b8b120d1c667bdb338fedd30ff53b83fa2e28393de1591,0xe210330d6768030e816d223836335079c7a0c851,['0902f1ac'
1689196,1689196,1689196.0,,11218259,56.0,0x5a2a58f580d56bffb3ab86d11a3434e597a5d41b28b0f1effc0ecb53f639a6cc,0xe210330d6768030e816d223836335079c7a0c851,['0902f1ac'
1689904,1689904,1689904.0,,11218267,102.0,0xff67a6e9df08550e71b71a8a5b6ea5c44571f355a945c1a030f97fddc04c2fdc,0xe210330d6768030e816d223836335079c7a0c851,['0902f1ac'
1690977,1690977,1690977.0,,11268229,170.0,0xecd2e1a7556de73aa4ccc2011210b5c420d65479dd7f39de8ec996ee07071cf3,0xe210330d6768030e816d223836335079c7a0c851,['0902f1ac'
1691206,1691206,1691206.0,,11268233,20.0,0x3bc93b3d9d8d49b288ca90fdbe5be2506d83b32b0182fe502b752d497b407ff0,0xe210330d6768030e816d223836335079c7a0c851,['0902f1ac'
1693598,1693598,1693598.0,,11168113,97.0,0xbba0e7061751453519128ea2dae736912912037f20df687a45c1e839361ea96d,0xe210330d6768030e816d223836335079c7a0c851,['0902f1ac'
1694553,1694553,1694553.0,,11168127,111.0,0xbe006ac1a578cf4299a9bb0e9eddb5124a5d8a901901d72aac7adc2e3c024c2d,0xe210330d6768030e816d223836335079c7a0c851,['0902f1ac'
1708857,1708857,1708857.0,,11268500,24.0,0x3d8d7432e7ae77a1a4a0a553f32e21fc9a839084d8455670f4c2b6b918838473,0xe210330d6768030e816d223836335079c7a0c851,['0902f1ac'
1708899,1708899,1708899.0,,11218558,132.0,0x5302c184660918884e5e7f924bf28544f12f6f67c64a03509a1213d904b54563,0xe210330d6768030e816d223836335079c7a0c851,['0902f1ac'
1709396,1709396,1709396.0,,11168385,70.0,0x0bf2757c89ab6c4848b0348c1e7045562e5ff9150185def71208aa0d1892c7b1,0xe210330d6768030e816d223836335079c7a0c851,['0902f1ac'
1709451,1709451,1709451.0,,11218567,135.0,0x47370935a53c949771de3c956be1ac78aacc323bb871cc3b97dd943b571b9ba8,0xe210330d6768030e816d223836335079c7a0c851,['0902f1ac'
1710063,1710063,1710063.0,,11168394,80.0,0x8522d87dfe2b5a92895d86b9251215d6c13b94692be979c3e65057f6475178ee,0xe210330d6768030e816d223836335079c7a0c851,['0902f1ac'
1712677,1712677,1712677.0,,11268551,33.0,0x87f257d6e5bbf0aeaf15bfb4a0b1b5ece9450a0a6d69ab797e3e3c42b255257a,0xe210330d6768030e816d223836335079c7a0c851,['0902f1ac'
1725094,1725094,1725094.0,,11168643,147.0,0xc3bc8291fe7bec5cb6f3935300cdd835b484d53c7ac0b6c0b9a13b753303a0ef,0xe210330d6768030e816d223836335079c7a0c851,['0902f1ac'
1725580,1725580,1725580.0,,11168654,84.0,0xa98898a5acd5e644ef3feb66439c76943561be4280b2f0335aa1c4a1ac19e6a6,0xe210330d6768030e816d223836335079c7a0c851,['0902f1ac'
1727967,1727967,1727967.0,,11268791,149.0,0x0585b8d070cb47fc8b0a8001869e42d2d25cb674f35f7fe7e53fe88419eedf8e,0xe210330d6768030e816d223836335079c7a0c851,['0902f1ac'
1728021,1728021,1728021.0,,11268792,125.0,0x634ad4f8f3f2c2fc92fba42f0fe37f8406314956ebc5af67ee9b770466f7e400,0xe210330d6768030e816d223836335079c7a0c851,['0902f1ac'
1742829,1742829,1742829.0,,11168922,118.0,0x723ce27472541f99d58831fe4666e5277b2cede702d9fba2fff5543a6dcd10b4,0xe210330d6768030e816d223836335079c7a0c851,['0902f1ac'
1742998,1742998,1742998.0,,11168924,15.0,0x58d24e4c26b535bcde47c5640c3204a81cb1b577053b7d828c649f4434fe2168,0xe210330d6768030e816d223836335079c7a0c851,['0902f1ac'
1744215,1744215,1744215.0,,11269046,46.0,0x131748e01e8e73f2b153283ceb2f0e13bb9df7c2bf0408dfca9d8cf828fb705d,0xe210330d6768030e816d223836335079c7a0c851,['0902f1ac'
1744312,1744312,1744312.0,,11269047,128.0,0xc62a2eb33c7a1e3655d2e0d17e002cf93e0a07a061c6d8109e86eca25d6880e6,0xe210330d6768030e816d223836335079c7a0c851,['0902f1ac'
1758594,1758594,1758594.0,,11169171,115.0,0x87aa48a90addc031cd8d7f6ce28b533a73b21bce3f79c6e87097248745365d40,0xe210330d6768030e816d223836335079c7a0c851,['0902f1ac'
1760754,1760754,1760754.0,,11169207,45.0,0x2658317b92bece2f5aaad8952187b70dcbf9130b10d04fee6b6c57838c747963,0xe210330d6768030e816d223836335079c7a0c851,['0902f1ac'
1763600,1763600,1763600.0,,11269318,61.0,0x19e0640e602dd633d705d18f635c6acd44fca062677982ec4efcbff5fa43c017,0xe210330d6768030e816d223836335079c7a0c851,['0902f1ac'
1764960,1764960,1764960.0,,11269338,100.0,0xeff4ef69c0dc539281b85d0dadff875279cec9766dff9a1b2e51466db0db25d3,0xe210330d6768030e816d223836335079c7a0c851,['0902f1ac'
1769037,1769037,1769037.0,,11269399,64.0,0x6ba4241b47260a174d0047f450fc11707b08cfb9ed032760f382d10061a059d1,0xe210330d6768030e816d223836335079c7a0c851,['0902f1ac'
1775779,1775779,1775779.0,,11169444,125.0,0x7d0b078fb65988447ffb5825f19b32a3a9981ab63b0e8817d5dbd2067b442036,0xe210330d6768030e816d223836335079c7a0c851,['0902f1ac'
1776123,1776123,1776123.0,,11169449,100.0,0x59225997b7e0186d9dd93035532759ac665b59d7d03d55217a49e05d746e9fb6,0xe210330d6768030e816d223836335079c7a0c851,['0902f1ac'
1793676,1793676,1793676.0,,11169693,26.0,0x841fcdbb35b7f3cdd3269e9cfe48855862cd7cf7d7a334b69ae43fb59eab4c25,0xe210330d6768030e816d223836335079c7a0c851,['0902f1ac'
1793745,1793745,1793745.0,,11169694,49.0,0x075604655e50cd399b2e300788298a7e74f5ed23f5c76956979cfdb25c76fb95,0xe210330d6768030e816d223836335079c7a0c851,['0902f1ac'
1813210,1813210,1813210.0,,11169955,100.0,0xf22106d8ca5160513b49bc8c661e624f40d6b20456663e54fdb1d57b9a4cd74a,0xe210330d6768030e816d223836335079c7a0c851,['0902f1ac'
1813395,1813395,1813395.0,,11169958,147.0,0xd0e557eb50a22a70d3459755818a962eb5607bd028b1ac8f0060dd33e0c29e46,0xe210330d6768030e816d223836335079c7a0c851,['0902f1ac'
1832367,1832367,1832367.0,,11170251,87.0,0x6bfcfcebc92009d6ab942a92843c5229f75af854379e77808815687a59a00ca4,0xe210330d6768030e816d223836335079c7a0c851,['0902f1ac'
1832863,1832863,1832863.0,,11170257,99.0,0xbccd3289c84d9b848278a3bfc25f5514e8a009218ea130ed6dd0bba6559ea57b,0xe210330d6768030e816d223836335079c7a0c851,['0902f1ac'
1841614,1841614,1841614.0,,11270370,84.0,0x6bf60c77569c94a1d89cd5c3c280e1cfc1ced58102ee73d301dda6ab3cf7c722,0xe210330d6768030e816d223836335079c7a0c851,['0902f1ac'
1841996,1841996,1841996.0,,11270376,82.0,0x6f012c8208f4f2982d90e2764acdf18d7e39b08b5d15c8f4febeaa238187f052,0xe210330d6768030e816d223836335079c7a0c851,['0902f1ac'
1842093,1842093,1842093.0,,11270378,83.0,0x487cfa3c1e057d9dc9223b7fbfe5f764502aa46cf03ac380e065907cd6d54d32,0xe210330d6768030e816d223836335079c7a0c851,['0902f1ac'
1845738,1845738,1845738.0,,11270422,75.0,0x55f534467cfad5e5e0a2819cf7a2abb57e02e68df35cf9962d409c3772cf2a89,0xe210330d6768030e816d223836335079c7a0c851,['0902f1ac'
1846108,1846108,1846108.0,,11270425,39.0,0x64beb8961383d98ca9af8f7c102f3e8a9e60f81a82eefd6d4059a1d22c84533d,0xe210330d6768030e816d223836335079c7a0c851,['0902f1ac'
1852584,1852584,1852584.0,,11170522,39.0,0xbab2004a754e1cd5efdb8752e861d2f6491af01324153e4c1326f823e320e71a,0xe210330d6768030e816d223836335079c7a0c851,['0902f1ac'
1852716,1852716,1852716.0,,11170524,33.0,0xb151bb3bff4ed1d641d87b2cb79a47cefc078c82bb681de2a1f0c63f7c744934,0xe210330d6768030e816d223836335079c7a0c851,['0902f1ac'
1866971,1866971,1866971.0,,11270687,73.0,0x8f82def9dd1acc6e2cb269046fe9c2d90cd08fc97cd4e47fd9d0d572dbab9aa4,0xe210330d6768030e816d223836335079c7a0c851,['0902f1ac'
1867072,1867072,1867072.0,,11270688,114.0,0xb84fc7b5405437f43ae18fef3c16f890628bc65578fecedb605678a67e6a8449,0xe210330d6768030e816d223836335079c7a0c851,['0902f1ac'
1873081,1873081,1873081.0,,11170807,89.0,0xa6ba35ac7422a8f8dbe22018af834dbef2d11520a111ef4bb66515142ba58dad,0xe210330d6768030e816d223836335079c7a0c851,['0902f1ac'
1873240,1873240,1873240.0,,11170810,49.0,0x37073b7ba6ad59eeb39c46557758627b2e5b4c820d943bccfa03177a029be20d,0xe210330d6768030e816d223836335079c7a0c851,['0902f1ac'
1889715,1889715,1889715.0,,11270989,66.0,0x1908d578fe0a6df875dc215c3f0992b13e42f7604468b26fcfcbc5dd5ffbee57,0xe210330d6768030e816d223836335079c7a0c851,['0902f1ac'
1890220,1890220,1890220.0,,11270996,24.0,0x67fba8c02fbe48b6404077fb1ac57b541831f5e13ba451ebbf04024ebe32f500,0xe210330d6768030e816d223836335079c7a0c851,['0902f1ac'
1892072,1892072,1892072.0,,11171084,200.0,0xb8ae11134b8f6365b348bb7b297fb64328c9d151805facf62c125b5c1811f2bc,0xe210330d6768030e816d223836335079c7a0c851,['0902f1ac'
1892192,1892192,1892192.0,,11171086,56.0,0x9026cc68028fe45294d24dff58ba5a88458d661595a8443bfb639496e188f915,0xe210330d6768030e816d223836335079c7a0c851,['0902f1ac'
1908974,1908974,1908974.0,,11271242,29.0,0x58c3665be57970b84de3bf50e8c966cdbd86712a24d525b3ffbf547fa62bd2d8,0xe210330d6768030e816d223836335079c7a0c851,['0902f1ac'
1909382,1909382,1909382.0,,11271246,81.0,0x0768c54d424b1dd2ccb123816f6a68c15d0d8d88acdf28f55d40d3df3561bc3e,0xe210330d6768030e816d223836335079c7a0c851,['0902f1ac'
1912673,1912673,1912673.0,,11171365,85.0,0x26bf3b09e9941450e7d6880988c465ed37ca766a4a8406415897390a0c3cff66,0xe210330d6768030e816d223836335079c7a0c851,['0902f1ac'
1913674,1913674,1913674.0,,11171376,27.0,0x53d1652f4d8335fcebe7a84fefbe1a19803746fb5b30260375f6f7d54dc9a83d,0xe210330d6768030e816d223836335079c7a0c851,['0902f1ac'
1931028,1931028,1931028.0,,11271501,86.0,0x348154b7ce7b16c2bc8b85f54f7ac28b804dd56624524c6ed427dcc0df16a436,0xe210330d6768030e816d223836335079c7a0c851,['0902f1ac'
1931140,1931140,1931140.0,,11271503,26.0,0x2bc1a91d2dba849a94cd425a58dc03d46c563e33126fb1550c8a29e48a7dba55,0xe210330d6768030e816d223836335079c7a0c851,['0902f1ac'
1931726,1931726,1931726.0,,11171622,47.0,0xb674e0d12b30fb8ad52f4fca2b40f3c18835768b2b47657f657211e04b120630,0xe210330d6768030e816d223836335079c7a0c851,['0902f1ac'
1932371,1932371,1932371.0,,11171632,188.0,0xc62920ac5a3f483fc2709790442270159cefbab3b6f3ca1f03fec7f13d021a3f,0xe210330d6768030e816d223836335079c7a0c851,['0902f1ac'
1933004,1933004,1933004.0,,11171641,92.0,0x515ce903e1cf0f82bf074e4a41ba9c5f4b8a1be66eaa808318face7829540eec,0xe210330d6768030e816d223836335079c7a0c851,['0902f1ac'
1933131,1933131,1933131.0,,11171643,61.0,0xf56de2012828d93d30faca23c926eb99d3171d8a29d86cd338fab978f515b0fb,0xe210330d6768030e816d223836335079c7a0c851,['0902f1ac'
1951558,1951558,1951558.0,,11171902,109.0,0xe9ed09be82c70acaaf53576d2c14094fcc4510046a0e2e05e5bea9d7d234d6bd,0xe210330d6768030e816d223836335079c7a0c851,['0902f1ac'
1952333,1952333,1952333.0,,11171914,163.0,0xa731ebbb781f4b938361bb2252baf4083185e7d525bdceac2d8ce72ae9631281,0xe210330d6768030e816d223836335079c7a0c851,['0902f1ac'
1954399,1954399,1954399.0,,11271816,95.0,0x4fd34e033d877fe893d6197645989944e48a58c776897011784fb57c9d355306,0xe210330d6768030e816d223836335079c7a0c851,['0902f1ac'
1955111,1955111,1955111.0,,11271825,91.0,0x9635cad03bdbc16d1fd006c767addb43d9313cce7d17ac985ab9b4ce0fd8dfe1,0xe210330d6768030e816d223836335079c7a0c851,['0902f1ac'
1971308,1971308,1971308.0,,11172178,72.0,0x25b930df5a4827ff5ceb666adc60737d1211a771404b9bc739f585781eca4307,0xe210330d6768030e816d223836335079c7a0c851,['0902f1ac'
1971797,1971797,1971797.0,,11172184,212.0,0xee618706e0c2667996c5cfb95dd451e9ea82e2531e886a7095d0c59fafc8824f,0xe210330d6768030e816d223836335079c7a0c851,['0902f1ac'
1975817,1975817,1975817.0,,11272074,104.0,0x87c6cc14d16b6d8f8eab649739f2df1e5f687053358f6e3d7c7a5fe630d07a5f,0xe210330d6768030e816d223836335079c7a0c851,['0902f1ac'
1976179,1976179,1976179.0,,11272078,33.0,0x4e9e9ac8f3beb3a3d80ef6330a14923b8ea3aa7ce5bfc7b3a1c3bbc2c137c559,0xe210330d6768030e816d223836335079c7a0c851,['0902f1ac'
1989791,1989791,1989791.0,,11172438,104.0,0x7e06156c584a44762f17c025f44d34ea03ab3636b5f3f41bed774d98941c9319,0xe210330d6768030e816d223836335079c7a0c851,['0902f1ac'
2017534,2017534,2017534.0,,11172847,179.0,0xbc4817f29730a97f8e87aa230d785e67a91bddb4e1e6410336403878644d4463,0xe210330d6768030e816d223836335079c7a0c851,['0902f1ac'
2077079,2077079,2077079.0,,11273329,79.0,0x5a7de0010ae4acc438b2b823fe03b02aea5b942d978b99fa3e5fb95833a040e3,0xe210330d6768030e816d223836335079c7a0c851,['0902f1ac'
2077184,2077184,2077184.0,,11273330,75.0,0x6ebb5ff76bed8dc78b2f2de4105f7bfa02973908e5a16bb9715b833ff8dce676,0xe210330d6768030e816d223836335079c7a0c851,['0902f1ac'
2082571,2082571,2082571.0,,11273413,152.0,0x4833e3c881c5c0a228f80745fe8048258832d173347a0d6a3a24ad1cb1f49481,0xe210330d6768030e816d223836335079c7a0c851,['0902f1ac'
2090513,2090513,2090513.0,,11273521,58.0,0x51671d02fff2d25e8b1a42c795d87b8bd2d538807a02d45eb86bb9ddd142ccee,0xe210330d6768030e816d223836335079c7a0c851,['0902f1ac'
2116894,2116894,2116894.0,,11273924,41.0,0xbc2dbfec2afd1b4a1dbe0a6fa37457ba87ac0b3e81edab61d7e60ede76ca5c54,0xe210330d6768030e816d223836335079c7a0c851,['0902f1ac'
2117253,2117253,2117253.0,,11273929,96.0,0x9e8c1c75a75c6050bef7f6fdcb7222c250c6f48d811c0dc770cf75bf3f6ddb56,0xe210330d6768030e816d223836335079c7a0c851,['0902f1ac'
2132636,2132636,2132636.0,,11274163,112.0,0xc826e4a303a01435b223e867d9adc918d7255aedf7af05db59b05a68e83460ef,0xe210330d6768030e816d223836335079c7a0c851,['0902f1ac'
2137234,2137234,2137234.0,,11274225,236.0,0xaa7e35365e8a4f60a6a15c6c00a89773d578954b1789c2acc02b376b91b90b18,0xe210330d6768030e816d223836335079c7a0c851,['0902f1ac'
2170374,2170374,2170374.0,,11174796,70.0,0x2f0219264ed73f81d8f077540d13ec5fabb57e809f265e0acdcc970e6b87d3f5,0xe210330d6768030e816d223836335079c7a0c851,['0902f1ac'
2170643,2170643,2170643.0,,11174798,102.0,0xb5fb29eb3e3195218d15e902f8b5dc9e412e5c9d214d75f837ef01ffc2286706,0xe210330d6768030e816d223836335079c7a0c851,['0902f1ac'
2174444,2174444,2174444.0,,11174854,78.0,0x8051fd84c33b5d8f9074da52369ea9a79a252b3f7ea7a0a54ed8df3db63e3ff9,0xe210330d6768030e816d223836335079c7a0c851,['0902f1ac'
2174791,2174791,2174791.0,,11174859,125.0,0x5690887c9322e77afe578e1c0df052b8fb6ebe37a278608df253b4ebd20c00c9,0xe210330d6768030e816d223836335079c7a0c851,['0902f1ac'
2189538,2189538,2189538.0,,11274969,6.0,0x2e728a586038464e67bbd8357161c72f9fe3ff37f3d22cd0fe8797d5a6fafd89,0xe210330d6768030e816d223836335079c7a0c851,['0902f1ac'
2190600,2190600,2190600.0,,11274988,67.0,0xf7f76c9c233cb35a0453c3c0c172f9fbf1e37b4ab9452b278abd1d87b5176d99,0xe210330d6768030e816d223836335079c7a0c851,['0902f1ac'
2195056,2195056,2195056.0,,11275064,48.0,0x6393046a7b74935e1008bfd5a894c90723cb4fd2c6cebd461e33a8f942f6e830,0xe210330d6768030e816d223836335079c7a0c851,['0902f1ac'
2195149,2195149,2195149.0,,11175112,108.0,0x6fbfac77bac265bf1b43c1f3b6f72ccb4c519c6b90576f25aaf6cde77a8616db,0xe210330d6768030e816d223836335079c7a0c851,['0902f1ac'
2195176,2195176,2195176.0,,11175113,92.0,0xf4d2ea0cc872dd7bcc65f0f5a8429c99a9f64458e264c7e74d0786eb53a39638,0xe210330d6768030e816d223836335079c7a0c851,['0902f1ac'
2195341,2195341,2195341.0,,11275071,60.0,0x54752cc639f8f2a4ad728515fcda08c873db722a8198c16ef4c54f40ee8a0fa4,0xe210330d6768030e816d223836335079c7a0c851,['0902f1ac'
2214397,2214397,2214397.0,,11175371,76.0,0xfe069cc6ecc89640f7fbe655e5a61b24f97dd21c3e7d7b8ec157c1abe7090143,0xe210330d6768030e816d223836335079c7a0c851,['0902f1ac'
2214523,2214523,2214523.0,,11175372,180.0,0x9f56ae541793bf71ccc4d2f7ca80105c6e699d66622dbaf556dcaad1378fb09e,0xe210330d6768030e816d223836335079c7a0c851,['0902f1ac'
2233837,2233837,2233837.0,,11175635,34.0,0x4fb267ccaf3ed46bde8f4f93a04d1872f58599ad4a6a79792f8a4b0d0caeda74,0xe210330d6768030e816d223836335079c7a0c851,['0902f1ac'
2234011,2234011,2234011.0,,11175638,44.0,0x030b6b9810ad917fc2f41e0399d3dd5cdd94847333732bd35fd319394a07fac7,0xe210330d6768030e816d223836335079c7a0c851,['0902f1ac'
2254160,2254160,2254160.0,,11175913,81.0,0x723ab1b7e78f4014b9c92d33e341028ca33fe4aafc60cd0d50fae80ecc5ceb5b,0xe210330d6768030e816d223836335079c7a0c851,['0902f1ac'
2254372,2254372,2254372.0,,11175916,98.0,0x8cf03bfc67ea89c6c6cff4ac8fc04c43879c90b233f2a6f6995588edca2eb3fa,0xe210330d6768030e816d223836335079c7a0c851,['0902f1ac'
2274882,2274882,2274882.0,,11176199,125.0,0x93071d9b4aada75b0f88bbabd5566591eba254ce30416a947e5e9761bca14d15,0xe210330d6768030e816d223836335079c7a0c851,['0902f1ac'
2274963,2274963,2274963.0,,11176201,159.0,0x356187525976b7cb2d2498810c947d25d1458bc43511d8922facd70c91738787,0xe210330d6768030e816d223836335079c7a0c851,['0902f1ac'
2294810,2294810,2294810.0,,11176453,122.0,0x5f3073c97ac71584ef65dbdd82d6dac2d272c7b12dd2ff1fa7e883b3aeabad9b,0xe210330d6768030e816d223836335079c7a0c851,['0902f1ac'
2294899,2294899,2294899.0,,11176454,191.0,0xecaf44e90b852cef3255bfe8da0b47534221cf768b689505cc978d144644072b,0xe210330d6768030e816d223836335079c7a0c851,['0902f1ac'
2317867,2317867,2317867.0,,11176762,141.0,0xa03b2fa96cffae838645a6719bd3bc2b8f7019c5842df36acd01ebff00177a38,0xe210330d6768030e816d223836335079c7a0c851,['0902f1ac'
2317977,2317977,2317977.0,,11176764,110.0,0xcee85637a4b0c5d53ef1a8bbd1a259cabf2809108c2813c4dceefe5c6e2599ca,0xe210330d6768030e816d223836335079c7a0c851,['0902f1ac'
2334672,2334672,2334672.0,,11176989,74.0,0x9ae98ee3201cc6a22128a7f6521bb0141d2c8ce2f8ef037c21f2cab3151684e4,0xe210330d6768030e816d223836335079c7a0c851,['0902f1ac'
2334930,2334930,2334930.0,,11176992,152.0,0x31751dc4771cce94164b1eb52b1194e44d73bb2d82bfc12a5279310a57431483,0xe210330d6768030e816d223836335079c7a0c851,['0902f1ac'
2354468,2354468,2354468.0,,11177276,61.0,0x88d9a1fbf92789b08047a4e659c9113f5223875b0252727be816eb6542027576,0xe210330d6768030e816d223836335079c7a0c851,['0902f1ac'
2354585,2354585,2354585.0,,11177278,167.0,0x4c48588d99ad7b9125daeacf9797adf9ed4dadd842852e3c88c547bbfae47376,0xe210330d6768030e816d223836335079c7a0c851,['0902f1ac'
2375064,2375064,2375064.0,,11177537,169.0,0x8eb9c342465d99b879d08ec80fad346fd2f64c128079954003452fcacd70ce33,0xe210330d6768030e816d223836335079c7a0c851,['0902f1ac'
2375093,2375093,2375093.0,,11177538,181.0,0x41d75b68959b64c01fcb91812c5915c2d53e6895b5acdd270f6287c0e7b3a219,0xe210330d6768030e816d223836335079c7a0c851,['0902f1ac'
2396358,2396358,2396358.0,,11177824,134.0,0xb9bd700ea3d63bc1453a54c3595ce2d16d35f1f21e3411e5c4c9cf146c6a7cb6,0xe210330d6768030e816d223836335079c7a0c851,['0902f1ac'
2396506,2396506,2396506.0,,11177826,153.0,0x42d172e1b61e3e25484196572228d48a0e758111dadf7565d49011e75c835fcf,0xe210330d6768030e816d223836335079c7a0c851,['0902f1ac'
2414140,2414140,2414140.0,,11178083,105.0,0xc9517104abae533ca35acb3898ee6d023d81d53524a7c3c51a66ff4a6a227202,0xe210330d6768030e816d223836335079c7a0c851,['0902f1ac'
2415673,2415673,2415673.0,,11278043,86.0,0xd4f1b348351f55b91320b83f1edb79e55e31630636e14c973d4841f12ce1de51,0xe210330d6768030e816d223836335079c7a0c851,['0902f1ac'
2416883,2416883,2416883.0,,11178120,26.0,0xf56aed9fb661d41c8a696ee5bc605fe74c08255cdfe70dd3c76e821666ebf6f1,0xe210330d6768030e816d223836335079c7a0c851,['0902f1ac'
2417053,2417053,2417053.0,,11178122,180.0,0x3ea135593cac8534964524ef4df8a19fa7e1c1ad0fcead543508b5432a39fe18,0xe210330d6768030e816d223836335079c7a0c851,['0902f1ac'
2417141,2417141,2417141.0,,11178123,195.0,0x3f905ad296898c0aa0280e7534e1fd4853430929a939d28e813f831fa6ee1d01,0xe210330d6768030e816d223836335079c7a0c851,['0902f1ac'
2429968,2429968,2429968.0,,11278229,50.0,0x4ee231528fdbb9db216b945999ad69df645a85acb37bb38a471f642258b8dc05,0xe210330d6768030e816d223836335079c7a0c851,['0902f1ac'
2435714,2435714,2435714.0,,11178384,139.0,0x87605a881984d0290e0eebf1691b37f5dd4534c6197b7dc72e77353294d99b7e,0xe210330d6768030e816d223836335079c7a0c851,['0902f1ac'
2435979,2435979,2435979.0,,11178386,38.0,0x0dc655533b7e7e816dfeb65610eb12159b65d85a71859cdeb224baa0d602a953,0xe210330d6768030e816d223836335079c7a0c851,['0902f1ac'
2455370,2455370,2455370.0,,11178636,137.0,0x3d7f9e411f719eef3c051b9ab40babdce1bb4951c504704e09c1a39ad3bd165c,0xe210330d6768030e816d223836335079c7a0c851,['0902f1ac'
2455447,2455447,2455447.0,,11178637,113.0,0x296188b38e4328825618c7776b3a03ea015d355cbc0bb43fbe193e0fceef1699,0xe210330d6768030e816d223836335079c7a0c851,['0902f1ac'
2475234,2475234,2475234.0,,11178923,100.0,0x652a011ec2b08774d163708d33c20c858acc624afd301283fe6cad9f45ba5255,0xe210330d6768030e816d223836335079c7a0c851,['0902f1ac'
2475274,2475274,2475274.0,,11178924,152.0,0xf5dd6e2f7ab3054c239a14f8b7d2ff782aa22308143f533e3eef372de6b06969,0xe210330d6768030e816d223836335079c7a0c851,['0902f1ac'
2495695,2495695,2495695.0,,11179229,39.0,0x3aa061f667b532f7e2829944bfafc3e87a038f808c5fa7586cf2ccd57253ecaa,0xe210330d6768030e816d223836335079c7a0c851,['0902f1ac'
2495822,2495822,2495822.0,,11179230,163.0,0xf9938a367e3d11fb5f8047f60ef239060cb5309d9db755c5a131a31ec9f1ded0,0xe210330d6768030e816d223836335079c7a0c851,['0902f1ac'
2514564,2514564,2514564.0,,11179487,70.0,0xee2de5c80a45d1ae1230ab8cdd752e4535740d025074b35259f50cb586300752,0xe210330d6768030e816d223836335079c7a0c851,['0902f1ac'
2515175,2515175,2515175.0,,11179495,9.0,0x688c45ab9b3bef3b86617aee9f70621e9f4245f8a519ce9d8b433c908d6e12f3,0xe210330d6768030e816d223836335079c7a0c851,['0902f1ac'
2532641,2532641,2532641.0,,11179731,33.0,0x86490004f15942f18adf5c2a3792cb0b0cec9a2ae9731d428579f779b184f673,0xe210330d6768030e816d223836335079c7a0c851,['0902f1ac'
2532735,2532735,2532735.0,,11179733,91.0,0x38b75aecb4b69e5a339f20e77745679a560a8a2d5dae3b0b05d849997aeaca9e,0xe210330d6768030e816d223836335079c7a0c851,['0902f1ac'
2553240,2553240,2553240.0,,11179988,76.0,0x79474c34dd39215b7635cf52d4ea9297e9c2117eaa28fa5f53203e01f80357d2,0xe210330d6768030e816d223836335079c7a0c851,['0902f1ac'
2553765,2553765,2553765.0,,11179995,22.0,0x7555be522f1c4aa2ee5776e2db04554464bd1fa76e1dfc0783faf0c61355f312,0xe210330d6768030e816d223836335079c7a0c851,['0902f1ac'
2575464,2575464,2575464.0,,11180269,30.0,0x26f5580e28466217842bdfa2e03283d5567a17010e347acd89e3911f95f06ea1,0xe210330d6768030e816d223836335079c7a0c851,['0902f1ac'
2575620,2575620,2575620.0,,11180271,19.0,0x83913bd992552d2af0f9d0e7fef93266b098a242f3d77d7134c988044cfc4982,0xe210330d6768030e816d223836335079c7a0c851,['0902f1ac'
2595393,2595393,2595393.0,,11180557,49.0,0x25b42a6021451fdfd23e13d107eb5e9616d15aaae282a420621f9a5ddd1b457c,0xe210330d6768030e816d223836335079c7a0c851,['0902f1ac'
2595455,2595455,2595455.0,,11180558,120.0,0xa3b69205c1b057eca30718480647f0ce075400f0b924d1214a5ddfcdbfd9beee,0xe210330d6768030e816d223836335079c7a0c851,['0902f1ac'
2597425,2597425,2597425.0,,11280475,72.0,0x81a55e5e587ddd77136262b7cdee628ac8cb3a12494891a371efb158f3d28955,0xe210330d6768030e816d223836335079c7a0c851,['0902f1ac'
2597473,2597473,2597473.0,,11280476,136.0,0xf55f1453bd0e38ebac262be412e1a93a2eda5a5d0be4a4d3637ae72b3c13b1c9,0xe210330d6768030e816d223836335079c7a0c851,['0902f1ac'
2597688,2597688,2597688.0,,11280479,6.0,0x279f136818b746314f0d559ed93df62be5ae2484c95f0542439e9bb8c9519e60,0xe210330d6768030e816d223836335079c7a0c851,['0902f1ac'
2597971,2597971,2597971.0,,11280482,85.0,0xbf4d5e63ea0a7d336619f5f03c8229b49d02d548a11464c9c5b96709d26ca065,0xe210330d6768030e816d223836335079c7a0c851,['0902f1ac'
2600551,2600551,2600551.0,,11280517,60.0,0xb5799f746f51b925c0e3e8d54a9914f216e6300e3604f462605732ed5944963d,0xe210330d6768030e816d223836335079c7a0c851,['0902f1ac'
2616579,2616579,2616579.0,,11180840,142.0,0xbbd998b8653596804f5efeb07ee76a8e5d4f05d5b3c7bf6b4b123163d58612e5,0xe210330d6768030e816d223836335079c7a0c851,['0902f1ac'
2616708,2616708,2616708.0,,11180842,64.0,0x4f218219cbf1691eed67c9823b31720bd622d4295c3d42f59cb6c4efb7f69c0a,0xe210330d6768030e816d223836335079c7a0c851,['0902f1ac'
2634749,2634749,2634749.0,,11181109,98.0,0x14916e4de0f36b3affeae3f99f9afe8b0e4b40d6bfbea06084be873999dc5fdc,0xe210330d6768030e816d223836335079c7a0c851,['0902f1ac'
2634870,2634870,2634870.0,,11181111,63.0,0x3f67fb7f8741bfa9bd8a06fe2d2817cc762cfa1ccabb040397b24a4458d65f36,0xe210330d6768030e816d223836335079c7a0c851,['0902f1ac'
2654043,2654043,2654043.0,,11181393,122.0,0x11ae89cd7bfe5ef9dc870dbcf11a7e68f34f0b5db575970b0c412cded8ce0451,0xe210330d6768030e816d223836335079c7a0c851,['0902f1ac'
2654164,2654164,2654164.0,,11181395,104.0,0xaed08647cd8352155b165a946f44d04484b9cf5e5d2858990fe80271cc3ab16a,0xe210330d6768030e816d223836335079c7a0c851,['0902f1ac'
2656022,2656022,2656022.0,,11281332,114.0,0x08f29998bd9e4ec0d2401ce596a4cb54c96fc9768d5e32bc9a0a4355f897938c,0xe210330d6768030e816d223836335079c7a0c851,['0902f1ac'
2657997,2657997,2657997.0,,11281366,35.0,0xb047a850e8d4dd31baaec880cd3c50f4dc755810b24b7c7f29b49fc8ba879de6,0xe210330d6768030e816d223836335079c7a0c851,['0902f1ac'
2658066,2658066,2658066.0,,11281367,68.0,0x8c9be1f838ee2778227d03777c7f434c72e623ff9877a51cfa5956cd1a99a242,0xe210330d6768030e816d223836335079c7a0c851,['0902f1ac'
2672462,2672462,2672462.0,,11181685,90.0,0x0f571263d6f8d884af958fa0f68415a410dd991d326575b1830a9661309cfa75,0xe210330d6768030e816d223836335079c7a0c851,['0902f1ac'
2672987,2672987,2672987.0,,11181692,101.0,0x5cc7efe0337e018272867e236ac5724245e5cd50aed40332661c97c3d3563527,0xe210330d6768030e816d223836335079c7a0c851,['0902f1ac'
2692027,2692027,2692027.0,,11181949,57.0,0xddc1367e01a90df5cacb44e4c9ef719288cc6f7f16c51c8b371dccac6c2ed85b,0xe210330d6768030e816d223836335079c7a0c851,['0902f1ac'
2692073,2692073,2692073.0,,11181950,152.0,0x6044f5c8e375f4fcb1bd5c1af79e90e03e9400e35aa1ea364cb55690d4d66797,0xe210330d6768030e816d223836335079c7a0c851,['0902f1ac'
2711574,2711574,2711574.0,,11182214,231.0,0x2d0feee903f2d61e60143d4976c5741ae9cfa06b8046b10f80ddf7a84e1dd93a,0xe210330d6768030e816d223836335079c7a0c851,['0902f1ac'
2711625,2711625,2711625.0,,11182215,104.0,0x57788f7030fe838ea39a54070d03b67bb7d5eb8953e88466afe8e7c81421b03d,0xe210330d6768030e816d223836335079c7a0c851,['0902f1ac'
2728261,2728261,2728261.0,,11182457,132.0,0x6a7208a73bfd3a2ea160d1fb6aee8f4c051da8b13f22f93dcf420f06d0df9a5e,0xe210330d6768030e816d223836335079c7a0c851,['0902f1ac'
2728503,2728503,2728503.0,,11182460,59.0,0x53993765bab89874d6e5395449396e2aae42279ccbf995ededf69f0b8a4f092a,0xe210330d6768030e816d223836335079c7a0c851,['0902f1ac'
2746811,2746811,2746811.0,,11182746,248.0,0x6ec7689780b0960dc641803fe50f083e14d76c600bf1c9743fb642650625ac6b,0xe210330d6768030e816d223836335079c7a0c851,['0902f1ac'
2746904,2746904,2746904.0,,11182748,138.0,0x292caeb7da3fa71f34fd31dd8810356a06236084e70d0362ebd0f22afb068851,0xe210330d6768030e816d223836335079c7a0c851,['0902f1ac'
2763610,2763610,2763610.0,,11182998,166.0,0xae8d3b6f3c6c8f404e1ad8ce87370a896201741bc4ce5ddbb81949825ae0727f,0xe210330d6768030e816d223836335079c7a0c851,['0902f1ac'
2764546,2764546,2764546.0,,11183011,161.0,0x85ea1563a713a659d6322e29c46f00d71459e1401734a779eec809153881c9d9,0xe210330d6768030e816d223836335079c7a0c851,['0902f1ac'
2781219,2781219,2781219.0,,11183272,21.0,0xadee423309091559874fcd3f63180277993ce87df92cb6ba53d13f825e1bcb0c,0xe210330d6768030e816d223836335079c7a0c851,['0902f1ac'
2781421,2781421,2781421.0,,11183276,124.0,0x43efda2c4646db785dc3083423704c8b612e4288f27c73ea3451528c8dd6ef49,0xe210330d6768030e816d223836335079c7a0c851,['0902f1ac'
2799705,2799705,2799705.0,,11233708,114.0,0x686d5b1c07f5c63cad42803a531f88886f63c5ac2723b0eb91d8a60c9065c247,0xe210330d6768030e816d223836335079c7a0c851,['0902f1ac'
2801214,2801214,2801214.0,,11183543,167.0,0xe8f448d379c3ac5c5a290bdc04168f68529457ad67df8f69b18497233e934eac,0xe210330d6768030e816d223836335079c7a0c851,['0902f1ac'
2801229,2801229,2801229.0,,11183544,114.0,0x3f095062cf318e766bd0467e3aa0f82b1694b213262236fcb44a45e11ab0c3de,0xe210330d6768030e816d223836335079c7a0c851,['0902f1ac'
2804165,2804165,2804165.0,,11283534,25.0,0x46e345601ab64133803d9f1c328e829c130a2e969da87929d0acc02cfc63fc20,0xe210330d6768030e816d223836335079c7a0c851,['0902f1ac'
2818245,2818245,2818245.0,,11183828,28.0,0x203bfd0dd0bfb9cb0fc1809282b822ba2ef1ebe8d55b668753bc2d8f97e8976c,0xe210330d6768030e816d223836335079c7a0c851,['0902f1ac'
2818258,2818258,2818258.0,,11183828,121.0,0x6237a4433af82d35d4c8149bf4e76c0c8151d5d2adb87d6cac2faba4c0ddb3c8,0xe210330d6768030e816d223836335079c7a0c851,['0902f1ac'
2825793,2825793,2825793.0,,11283919,94.0,0x896f84c994110a97f5981d285da9ac764dbccd046c653ab04fbe4d4728d601e1,0xe210330d6768030e816d223836335079c7a0c851,['0902f1ac'
2836223,2836223,2836223.0,,11184173,95.0,0x9248a95cc40d266683d1a63492cbd5e9e0feeba8ebed2d1d8f527d6e5d0dfc23,0xe210330d6768030e816d223836335079c7a0c851,['0902f1ac'
2836396,2836396,2836396.0,,11184176,177.0,0x0eb62c0e4dc2f694b214da5c9d8440df0d78f402d511a366f4eeb216c5d2bd54,0xe210330d6768030e816d223836335079c7a0c851,['0902f1ac'
2848384,2848384,2848384.0,,11184364,103.0,0x47d1c07f8f0a27e009f22e4ad96ce798b97f477204e53474394000bad7be63dd,0xe210330d6768030e816d223836335079c7a0c851,['0902f1ac'
2848516,2848516,2848516.0,,11184366,32.0,0x4a27ab6007b506d04acc6581d43c56f91f5c0edf9b12eaec8881103a5fed2802,0xe210330d6768030e816d223836335079c7a0c851,['0902f1ac'
2867379,2867379,2867379.0,,11184636,47.0,0xe78ff5f5aebfac94bf6f5cf8aa53ca111886547c4f91fd1c4b8ed00b846608fa,0xe210330d6768030e816d223836335079c7a0c851,['0902f1ac'
2867563,2867563,2867563.0,,11184638,97.0,0xa6c4560c26dd57c0da4b6d1763ca45666916d8987be1204159a8359486d6c94d,0xe210330d6768030e816d223836335079c7a0c851,['0902f1ac'
2868160,2868160,2868160.0,,11184645,36.0,0xa2d6e54be54734a0335934aa0f44964333c244674e65ac4492ab5113bc604462,0xe210330d6768030e816d223836335079c7a0c851,['0902f1ac'
2869484,2869484,2869484.0,,11184664,101.0,0xd21cde0c324d8209dd3e3a271a4694e3e230ff0b33dc5fdb4e33ccbde0b93f6c,0xe210330d6768030e816d223836335079c7a0c851,['0902f1ac'
2869563,2869563,2869563.0,,11184665,150.0,0x7c278ddba56d76df721174e77213ffc06e8365ade003237715ae1e3bcfce6f92,0xe210330d6768030e816d223836335079c7a0c851,['0902f1ac'
2869815,2869815,2869815.0,,11184668,68.0,0x65aa67b5994a9e1ce5b7e13d07f182cf494529a99d6c3a4100dca19216ee1fe5,0xe210330d6768030e816d223836335079c7a0c851,['0902f1ac'
2880052,2880052,2880052.0,,11234933,140.0,0xd956fd69eb0886b5cc8d7ff65765b9472d0343c79f35267551330b7b88ed6fe7,0xe210330d6768030e816d223836335079c7a0c851,['0902f1ac'
2881733,2881733,2881733.0,,11234963,22.0,0x9d435c6f12ba05e0640fea1025e103dd89ca3af554127b2ceca1d7c93e129d24,0xe210330d6768030e816d223836335079c7a0c851,['0902f1ac'
2891559,2891559,2891559.0,,11184998,98.0,0x11c7d6c11f2a0c8a338111fe6e1e4e375277d2a97aa7cd97d52a4dfc76d077b0,0xe210330d6768030e816d223836335079c7a0c851,['0902f1ac'
2906837,2906837,2906837.0,,11185230,83.0,0xa648404d2343b7bc5966a6f0eac58745a28f75c5d5c0399d47b95dfad0ddd1b8,0xe210330d6768030e816d223836335079c7a0c851,['0902f1ac'
2907281,2907281,2907281.0,,11185236,47.0,0x65e02340e226a1f8e574c1c0f30b8d35bfce1ffdc3d9e72a278db72e8206c922,0xe210330d6768030e816d223836335079c7a0c851,['0902f1ac'
2919468,2919468,2919468.0,,11185412,48.0,0x9b2b3ed9589e95541edd681e7bd790ae7d3691f521d4c2b84ba83142d77226ca,0xe210330d6768030e816d223836335079c7a0c851,['0902f1ac'
2919548,2919548,2919548.0,,11185413,30.0,0x44afa51ce47b5cfde9046cefa27e46d8b155e288182607b4a10d220a3be12b49,0xe210330d6768030e816d223836335079c7a0c851,['0902f1ac'
2922378,2922378,2922378.0,,11235720,100.0,0x4ef7aceb21e7d8521f0189c5757735dff63409de23f87e18964c96cf111c9c41,0xe210330d6768030e816d223836335079c7a0c851,['0902f1ac'
2922523,2922523,2922523.0,,11235722,25.0,0x1666357d9438990195cf318a77e4e51b0e33f95d315a53159f547beb61289287,0xe210330d6768030e816d223836335079c7a0c851,['0902f1ac'
2922689,2922689,2922689.0,,11235727,85.0,0x89cdb61cf8794dc777ebbd0666eacbaaa310d4eb895e2e695b6afc5e0ae223f8,0xe210330d6768030e816d223836335079c7a0c851,['0902f1ac'
2922941,2922941,2922941.0,,11235733,91.0,0x980945f5312cbed6943e92aea04c2d4c82b8f7eb87d6e197ca09ad3006449ef7,0xe210330d6768030e816d223836335079c7a0c851,['0902f1ac'
2933367,2933367,2933367.0,,11185661,69.0,0xc22b52b98aefb1ad127fdaf30c7509e6cafa8db3eb81ee8228d72f36c7dd6abd,0xe210330d6768030e816d223836335079c7a0c851,['0902f1ac'
2933444,2933444,2933444.0,,11185662,34.0,0xcaac19e44425cdd1c991bd617174c589302bb96149b4da994dffa688d4b0033a,0xe210330d6768030e816d223836335079c7a0c851,['0902f1ac'
2934620,2934620,2934620.0,,11235993,71.0,0xa1ee727c7aa1342ba7ed133802378b9e6de09d0d78dd1e0f9196cf2d37558fe2,0xe210330d6768030e816d223836335079c7a0c851,['0902f1ac'
2961526,2961526,2961526.0,,11236486,153.0,0xed0c0c69be89f49ae8ac67beaf9ed425d2474ce9e29ae999627072efd97f1a65,0xe210330d6768030e816d223836335079c7a0c851,['0902f1ac'
2961996,2961996,2961996.0,,11236492,90.0,0xf8a71ddcb9acd452728396a8aadbc9b3857e5788d6af6399580b4e05a384f4f1,0xe210330d6768030e816d223836335079c7a0c851,['0902f1ac'
2963130,2963130,2963130.0,,11186137,90.0,0xdf030cfbff11a82db0b0f414df5a9af31503f691acf7c29ed811c17cc09a5188,0xe210330d6768030e816d223836335079c7a0c851,['0902f1ac'
2963464,2963464,2963464.0,,11186142,25.0,0x94122a7355300c500bfa88c3746183ceab0f9a4e6c5745653c1e7ea07059c634,0xe210330d6768030e816d223836335079c7a0c851,['0902f1ac'
2973374,2973374,2973374.0,,11186305,85.0,0x6d9dab83889f38a2f308ac1299e7b6abe009095dedfd236e2836c1be685dc1fa,0xe210330d6768030e816d223836335079c7a0c851,['0902f1ac'
2978509,2978509,2978509.0,,11236757,49.0,0x777974ca5d4fd6ad34465215ec458ffd33f6a6ff135aa091e728dca5978d725b,0xe210330d6768030e816d223836335079c7a0c851,['0902f1ac'
2979099,2979099,2979099.0,,11236766,26.0,0xd3cb4f28451fe5bba61417ac8906dc416d9f07a5e5ef0a8e70f0a786ea856144,0xe210330d6768030e816d223836335079c7a0c851,['0902f1ac'
2979535,2979535,2979535.0,,11236772,155.0,0x4bd50ae0680ef50cbdcda09cdbb945814780b44b83b1bb16fab851a82048790e,0xe210330d6768030e816d223836335079c7a0c851,['0902f1ac'
2979740,2979740,2979740.0,,11236775,176.0,0x4fa81fa13b716e2405945d2e17d7cb7575933a0e8f0a28ad5dac12c96ded1519,0xe210330d6768030e816d223836335079c7a0c851,['0902f1ac'
2991486,2991486,2991486.0,,11186611,101.0,0x20b8510944422bab21b73827a6565713973cb62d083f9805f668ed026aec2588,0xe210330d6768030e816d223836335079c7a0c851,['0902f1ac'
2994169,2994169,2994169.0,,11186648,131.0,0x49006791d6d2d57bb8d5a0d573d2c0ab09d6d1144d6a437f374fb2e5efa9c55f,0xe210330d6768030e816d223836335079c7a0c851,['0902f1ac'
2994512,2994512,2994512.0,,11237017,83.0,0xf3f492c6a12b0519da90b056602f1735a9a15a6b291fc3a2f9715eb535ed9b5a,0xe210330d6768030e816d223836335079c7a0c851,['0902f1ac'
3003225,3003225,3003225.0,,11186798,64.0,0xbac041cfdd2d17f4c45afe7eb9dd58286649f3a1d1fdc2874d04fa33067f8123,0xe210330d6768030e816d223836335079c7a0c851,['0902f1ac'
3003399,3003399,3003399.0,,11186800,84.0,0x34cbb95a761b81042f996f072862fec42e2503030c8b8b2683f05e050c7f4f0e,0xe210330d6768030e816d223836335079c7a0c851,['0902f1ac'
3022297,3022297,3022297.0,,11187056,8.0,0x72044911cba5c6619df596d4fcb13071c08d091767e92db4fffe84f2d2e9811b,0xe210330d6768030e816d223836335079c7a0c851,['0902f1ac'
3022692,3022692,3022692.0,,11187061,133.0,0x307f72405cb6be9b6aa2551be8b12674bb8f8db7eeb0d03f14851c8ff4435988,0xe210330d6768030e816d223836335079c7a0c851,['0902f1ac'
3043691,3043691,3043691.0,,11187351,68.0,0x180b36edece69160bcf564f51fbdf248855af0aa9c77daa11ecc8f114685f662,0xe210330d6768030e816d223836335079c7a0c851,['0902f1ac'
3044179,3044179,3044179.0,,11187357,66.0,0x4167efc1b3eddf1d519feeb5b944304d406d6c2879bd6cf5c0d3ee85592b2fb8,0xe210330d6768030e816d223836335079c7a0c851,['0902f1ac'
3061789,3061789,3061789.0,,11187610,89.0,0x9632dacd6e63a97ead02232ce61aa386b70b7358ad5b52138cf48ef41e203401,0xe210330d6768030e816d223836335079c7a0c851,['0902f1ac'
3062060,3062060,3062060.0,,11187613,104.0,0xd5e2ecb31b64c56af6afc31ed4acc4018abe118f5ce3c92845b911f9cd30f223,0xe210330d6768030e816d223836335079c7a0c851,['0902f1ac'
3076886,3076886,3076886.0,,11187881,60.0,0xf2030be524e702e8facede0976e9d2051605610f5e272cd844d8d5506cfbe40d,0xe210330d6768030e816d223836335079c7a0c851,['0902f1ac'
3077564,3077564,3077564.0,,11187892,68.0,0xb9d0410978c313e7113e2f037edd7eb74bde98f2c295fd16779af09808695333,0xe210330d6768030e816d223836335079c7a0c851,['0902f1ac'
3093414,3093414,3093414.0,,11188146,68.0,0x73ccc08043f48053cc35974161266791207f3ce88f24ff436d60baf7f387da43,0xe210330d6768030e816d223836335079c7a0c851,['0902f1ac'
3093551,3093551,3093551.0,,11188148,98.0,0xf025f9c2a56f054bc0f0aea8cebd3c9243c455cf67e3ddec17415ef782d36cdb,0xe210330d6768030e816d223836335079c7a0c851,['0902f1ac'
3111063,3111063,3111063.0,,11188420,164.0,0x9619e8add3db00eb2c0616ea30cc32808f62068412a07ac27ee8108ce9faedf5,0xe210330d6768030e816d223836335079c7a0c851,['0902f1ac'
3111150,3111150,3111150.0,,11188421,184.0,0x26a6c72af5c46da0f164769c86658bf4c258e04256b46d82ef6fec17d635aa1c,0xe210330d6768030e816d223836335079c7a0c851,['0902f1ac'
3128886,3128886,3128886.0,,11188727,82.0,0x82c32a9c8d012482a8ebd486fc0eacd9da3c6d88a8be5f3ec7d30e570adedcf5,0xe210330d6768030e816d223836335079c7a0c851,['0902f1ac'
3128968,3128968,3128968.0,,11188729,138.0,0x5d9b63436a44835a36b12a7cfbc1483603e01adaa8cd9da6271c0370a850dc05,0xe210330d6768030e816d223836335079c7a0c851,['0902f1ac'
3143401,3143401,3143401.0,,11188973,155.0,0x88e645081f026ced568c561ddba88e065eea507f22e972108e20d79ad3d6b37f,0xe210330d6768030e816d223836335079c7a0c851,['0902f1ac'
3143450,3143450,3143450.0,,11188974,105.0,0xe10c7458ea4f593e61eeec3f2f99f6030b4d3cd3d8b7b46e6bdd44afb2a03ce1,0xe210330d6768030e816d223836335079c7a0c851,['0902f1ac'
3160414,3160414,3160414.0,,11189236,103.0,0xb6a4f911b7cb21a9185cb45a910adb1112a640f0c1d7196f2cd16e630cb57aca,0xe210330d6768030e816d223836335079c7a0c851,['0902f1ac'
3161430,3161430,3161430.0,,11189250,129.0,0xbbdab44cb3b74b9a686e6fdec09501ffea5faf9c85b16531ae14d7a2cfc74c40,0xe210330d6768030e816d223836335079c7a0c851,['0902f1ac'
3178263,3178263,3178263.0,,11189491,131.0,0x8476d04d11249d61e500bc0370102f5303ae9bcc1f43c9295df9d8c4c6a94cd1,0xe210330d6768030e816d223836335079c7a0c851,['0902f1ac'
3179070,3179070,3179070.0,,11189501,93.0,0x3f6710ee9874b1c87ee33ae7eb06471fb657234fa69f7a6880ab3bb320166d47,0xe210330d6768030e816d223836335079c7a0c851,['0902f1ac'
3179610,3179610,3179610.0,,11239856,77.0,0x6d46322113326a68bcbc5c591452845f4eca2d621ed611c2159c0ece61f07aee,0xe210330d6768030e816d223836335079c7a0c851,['0902f1ac'
3191558,3191558,3191558.0,,11240070,54.0,0x689c592aa41a0469fb0db61a5696587a1877cd798c697bde21735423dabad3b0,0xe210330d6768030e816d223836335079c7a0c851,['0902f1ac'
3192178,3192178,3192178.0,,11240080,128.0,0x8514b3d0ab047613fda614f8c94f7ecbeacec5db121ae216f1a9a8936886bbf6,0xe210330d6768030e816d223836335079c7a0c851,['0902f1ac'
3197650,3197650,3197650.0,,11189779,98.0,0xabee07d4e85971668b6b97cea936012e360e148bc79f3c4bc6b18888b995a56d,0xe210330d6768030e816d223836335079c7a0c851,['0902f1ac'
3197856,3197856,3197856.0,,11189782,19.0,0x0697338a18d4965566cc985ed35b094970e47b14b5bbfc7eff50ab3695b6d09d,0xe210330d6768030e816d223836335079c7a0c851,['0902f1ac'
3204534,3204534,3204534.0,,11240285,39.0,0x600ac47ea8ec77f4ca5e79188535203d3293129da5b3ca905d0cbe2fd60a92d2,0xe210330d6768030e816d223836335079c7a0c851,['0902f1ac'
3204632,3204632,3204632.0,,11240286,40.0,0xfbc98685497e95cc6ff3ca5ac84453ef2cfe9b247aac0210eb920f81d797d30c,0xe210330d6768030e816d223836335079c7a0c851,['0902f1ac'
3215731,3215731,3215731.0,,11190049,63.0,0x6c54d44eb4dbe84ebe8d19e038b5d9e9c2f9fcfd20634c5392048eb110c5a53a,0xe210330d6768030e816d223836335079c7a0c851,['0902f1ac'
3215838,3215838,3215838.0,,11190050,54.0,0x3c5f3a45f4c147d019c806f2b01b0755dc6440e0e76e3b68ef3dda91259d60ae,0xe210330d6768030e816d223836335079c7a0c851,['0902f1ac'
3223283,3223283,3223283.0,,11240583,92.0,0xde184da5e445e245ec1a32e29f8c3a77ede0864401373ad3c588d58285414374,0xe210330d6768030e816d223836335079c7a0c851,['0902f1ac'
3223459,3223459,3223459.0,,11240586,23.0,0x2463b0c053a8e519938bff07679e138b48004e3a1a69a686649fe0bf2798ddf9,0xe210330d6768030e816d223836335079c7a0c851,['0902f1ac'
3233875,3233875,3233875.0,,11190296,162.0,0x8455d055186fc26645de787af882a3a221a9ca4952e59d9bed38c410b1fe4ce3,0xe210330d6768030e816d223836335079c7a0c851,['0902f1ac'
3234782,3234782,3234782.0,,11190303,109.0,0xb442ab72237cc8980ecf2bb2fe5fc29995f82271313da2fc70e016147cb74a60,0xe210330d6768030e816d223836335079c7a0c851,['0902f1ac'
3239038,3239038,3239038.0,,11240808,12.0,0x0b78d826a0cf56521734d1442e6a446da54accc5337b791a3963cc6db3527e45,0xe210330d6768030e816d223836335079c7a0c851,['0902f1ac'
3239238,3239238,3239238.0,,11240811,144.0,0x6f4b35bc3a4504ef693ca0b929f97577632da6f21ddf12e471c9b72f542c3c75,0xe210330d6768030e816d223836335079c7a0c851,['0902f1ac'
3250107,3250107,3250107.0,,11190553,101.0,0xd29b3044a1d31fd7384179696885f82cfd6db4f7093b240291d4164067f8e257,0xe210330d6768030e816d223836335079c7a0c851,['0902f1ac'
3250628,3250628,3250628.0,,11190561,127.0,0x5294a1b4243a04b766f2c34943e9c342560278f0a8e7d56c632203062d0e829d,0xe210330d6768030e816d223836335079c7a0c851,['0902f1ac'
3257568,3257568,3257568.0,,11241126,140.0,0xc197a184dde19f4e8ac64ebb4e7235cf4333c031fbb40d00d7b3da906d2f3e7f,0xe210330d6768030e816d223836335079c7a0c851,['0902f1ac'
3260777,3260777,3260777.0,,11241182,127.0,0xe1250d5d434c81ff9bb7e1f6b8e48a49fc953d4488e09b2e61b68473b4dd44de,0xe210330d6768030e816d223836335079c7a0c851,['0902f1ac'
3267174,3267174,3267174.0,,11190827,80.0,0x64a6fc695a4701b12cd332f954e2108ac1dcce8a6e31eb40c401c0791048a768,0xe210330d6768030e816d223836335079c7a0c851,['0902f1ac'
3267332,3267332,3267332.0,,11190830,146.0,0x321f6086a72a18473bfba2bc181a30749191033f148de7bc5696b44203572795,0xe210330d6768030e816d223836335079c7a0c851,['0902f1ac'
3283446,3283446,3283446.0,,11191090,58.0,0xdcba61462cd546c5317bf54135b9e34363794b821fe239968019f24cd0c7df23,0xe210330d6768030e816d223836335079c7a0c851,['0902f1ac'
3283689,3283689,3283689.0,,11191093,71.0,0x77d5a5c0f4c6622e5c1823bd204d595dd7f99f6b317b9ae68ed8e97d7741c37b,0xe210330d6768030e816d223836335079c7a0c851,['0902f1ac'
3283880,3283880,3283880.0,,11191095,75.0,0x1cb566e3cc1199b807272eab19e5d1e8b27922ec5bf92357d5d927f39b168e8e,0xe210330d6768030e816d223836335079c7a0c851,['0902f1ac'
3283940,3283940,3283940.0,,11191096,111.0,0x18cab0865c1a4e10a4d19bde7389dad4971e5e0a797634248e16c6808d189ea5,0xe210330d6768030e816d223836335079c7a0c851,['0902f1ac'
3313218,3313218,3313218.0,,11191485,354.0,0xf4b96f8ac8580b71c89742cd087c8ea7235141ef267f49c0f178bcfb4b4b4bb5,0xe210330d6768030e816d223836335079c7a0c851,['0902f1ac'
3334149,3334149,3334149.0,,11191733,119.0,0x5cbcdf81d8ed0e6ba7a4098cf7cd1edf09350b8884412fd691e6cc5af4ed2b72,0xe210330d6768030e816d223836335079c7a0c851,['0902f1ac'
3334470,3334470,3334470.0,,11191737,131.0,0x88fcb38f2d22d3b75f56fdb06e43dbe21df804406b0e459f25543322b3766168,0xe210330d6768030e816d223836335079c7a0c851,['0902f1ac'
3351495,3351495,3351495.0,,11191935,50.0,0xd832bce11cb0bb468ab53b18e3e2642cf835c2190adc665ebe1e7b4cfaa1ae83,0xe210330d6768030e816d223836335079c7a0c851,['0902f1ac'
3351816,3351816,3351816.0,,11191940,90.0,0x498057861d742715cf8ccf68c2100ba5d55d4d138e5ec70a75afed2f8077b424,0xe210330d6768030e816d223836335079c7a0c851,['0902f1ac'
3354623,3354623,3354623.0,,11242582,59.0,0x083a4a55dd844f10741d398b9a0f8ad578401cd5785762891361c94a0cc3c0f4,0xe210330d6768030e816d223836335079c7a0c851,['0902f1ac'
3367207,3367207,3367207.0,,11242746,45.0,0x017f3e5eb00ba5c507e5c364b5cc1205a033999048f8c7f396d77a87238178b7,0xe210330d6768030e816d223836335079c7a0c851,['0902f1ac'
3371811,3371811,3371811.0,,11192214,157.0,0x05dad8e7105c2486ddbd67bf11aa85ac86818b57116fb78427419b3d34f5c2b4,0xe210330d6768030e816d223836335079c7a0c851,['0902f1ac'
3371866,3371866,3371866.0,,11192215,99.0,0xc4f44acf73e2de5b5a853d4fb2058373f233d109f21c1125f48dce2753f91dee,0xe210330d6768030e816d223836335079c7a0c851,['0902f1ac'
3388064,3388064,3388064.0,,11243065,23.0,0x5990f10dfcd64313a6874297b9405d58f69164b6f9911aa141f31114d4425307,0xe210330d6768030e816d223836335079c7a0c851,['0902f1ac'
3389111,3389111,3389111.0,,11243079,15.0,0x28f46a9ae2e908079da2814e4b6d3823ddab0a3e74c846c7608edd0e92f8e870,0xe210330d6768030e816d223836335079c7a0c851,['0902f1ac'
3389938,3389938,3389938.0,,11192487,152.0,0x5325a6020ed5498cbb940eac248d878ea3d1a4a902f68c3babef5d6c3e376d0b,0xe210330d6768030e816d223836335079c7a0c851,['0902f1ac'
3389991,3389991,3389991.0,,11192489,48.0,0x6793537dea1551a845a0039f1cf5ce6487b972249b36900ffbba1c03fcafc6e4,0xe210330d6768030e816d223836335079c7a0c851,['0902f1ac'
3409275,3409275,3409275.0,,11192794,119.0,0xe95699e7abd0329c72d8af7f19fed9d8efe614c266a198d88a8902c6d08e1a3d,0xe210330d6768030e816d223836335079c7a0c851,['0902f1ac'
3416142,3416142,3416142.0,,11192904,34.0,0x67d75babcf268104d412ddfed46e4c52ecd37c413652284fed3072833e24e3d9,0xe210330d6768030e816d223836335079c7a0c851,['0902f1ac'
3422799,3422799,3422799.0,,11243623,33.0,0x560cc7e0bd875c0b4819c9e6176962103f0336727f33de4f6c802f9c8799df37,0xe210330d6768030e816d223836335079c7a0c851,['0902f1ac'
3434226,3434226,3434226.0,,11243786,113.0,0x2d6db73bf4f0259c546ba80c4f8b7580b3084488ede884b0c9e6a16bcd2c0b91,0xe210330d6768030e816d223836335079c7a0c851,['0902f1ac'
3439827,3439827,3439827.0,,11193256,191.0,0x90eb07723fe0b400be92a3a5fcd82e9d1b3ece8bca88f48319487cb335812ca5,0xe210330d6768030e816d223836335079c7a0c851,['0902f1ac'
3455385,3455385,3455385.0,,11244061,126.0,0x2c0d5c7392f409e2ddd5a94ce07e9c6266fbb9d0741320cbf5c404c9160628a2,0xe210330d6768030e816d223836335079c7a0c851,['0902f1ac'
3478362,3478362,3478362.0,,11244372,27.0,0xc57cc9dd9169dba03a30d11593c67090286e223b9aa0aec51857e52f39d9458c,0xe210330d6768030e816d223836335079c7a0c851,['0902f1ac'
3498617,3498617,3498617.0,,11294227,171.0,0x941c14c15343750364ac48c5ce957f5ddc3693bf11d7500a9350e44ebd937fac,0xe210330d6768030e816d223836335079c7a0c851,['0902f1ac'
3502580,3502580,3502580.0,,11244746,41.0,0xeda6b5961ece040671ee853eb441c401506504d0f7970bf470e289ec8d7b8425,0xe210330d6768030e816d223836335079c7a0c851,['0902f1ac'
3530094,3530094,3530094.0,,11294753,99.0,0x0d267859bc29909d427005d969e71e74606c41419d28445b6a6bf76ef3bef27b,0xe210330d6768030e816d223836335079c7a0c851,['0902f1ac'
3530096,3530096,3530096.0,,11294753,100.0,0xfd2682340b11b04b2123d986c71f750bf899f23d7beac7e96680150f2ec7ea31,0xe210330d6768030e816d223836335079c7a0c851,['0902f1ac'
3538263,3538263,3538263.0,,11294903,153.0,0x8273940797634b232de710865d8a2c0446db733e7a748c4da84f50679099cde9,0xe210330d6768030e816d223836335079c7a0c851,['0902f1ac'
3539803,3539803,3539803.0,,11294926,158.0,0x567d123d7231aef0d96800e19ca02b72080ff51fe07e18597f88f6f76f91b4eb,0xe210330d6768030e816d223836335079c7a0c851,['0902f1ac'
3540309,3540309,3540309.0,,11194730,13.0,0x67db29f817c223228a08e62f7b907c215a1e30861f807cb1dc6d618b68deea08,0xe210330d6768030e816d223836335079c7a0c851,['0902f1ac'
3542434,3542434,3542434.0,,11194759,127.0,0x8cdece0fd052a465deed703c75f1b1738dee89d76c27c7c0d92593701b95f480,0xe210330d6768030e816d223836335079c7a0c851,['0902f1ac'
3556423,3556423,3556423.0,,11194943,119.0,0x5c355e0a00c05ad59fd44386f4cc2a3e00f318ca7fdca1634e228a0b9fe1ad57,0xe210330d6768030e816d223836335079c7a0c851,['0902f1ac'
3558295,3558295,3558295.0,,11194971,26.0,0x1e70976ee9160aff47c3d118a5a8081468ce6dc19a00e1af6a408484d4ae57c9,0xe210330d6768030e816d223836335079c7a0c851,['0902f1ac'
3560902,3560902,3560902.0,,11245728,34.0,0xf341c8f451e324888c549655210096ca0cac4d4431f50efed841807579025e6a,0xe210330d6768030e816d223836335079c7a0c851,['0902f1ac'
3573881,3573881,3573881.0,,11195208,156.0,0x11996038997d8b938e9c0cd4996212821402d26b99b0d762b7092ac6bced94cc,0xe210330d6768030e816d223836335079c7a0c851,['0902f1ac'
3574006,3574006,3574006.0,,11195210,79.0,0xc2b42e090b1af2acb4d94ee39e885b96c5ab718d88f821e90ec964e02ee40d7a,0xe210330d6768030e816d223836335079c7a0c851,['0902f1ac'
3591511,3591511,3591511.0,,11195470,75.0,0xcc97599f13743d3a071a03a0c0702ae28bcbd8debe1c55e6c78a9778dc69f1d9,0xe210330d6768030e816d223836335079c7a0c851,['0902f1ac'
3591821,3591821,3591821.0,,11195473,51.0,0x5b803b87f14f3469f9492ca277609b2f6a801f5d173d47e013c81eeda691b97b,0xe210330d6768030e816d223836335079c7a0c851,['0902f1ac'
3607688,3607688,3607688.0,,11195722,41.0,0x024c7daabcddd9f419826b05ad425e74f8ea0de8e95e2e55f016dc19d715f519,0xe210330d6768030e816d223836335079c7a0c851,['0902f1ac'
3607869,3607869,3607869.0,,11195725,109.0,0x6a5cf07e2dc18bc1eae191a256b228fc4880403d0c4a75aad751fb03b7f0adc7,0xe210330d6768030e816d223836335079c7a0c851,['0902f1ac'
3610926,3610926,3610926.0,,11296034,88.0,0x12da4d14d8a968de3a2df1b4612fc5ab9a2e8a948de1bf8bc1df147ad0381ba4,0xe210330d6768030e816d223836335079c7a0c851,['0902f1ac'
3620008,3620008,3620008.0,,11246690,49.0,0x5b8da51db7d97e30d9821b2ed51f767a040e97ab1fca6990812cc97d3cd4c1de,0xe210330d6768030e816d223836335079c7a0c851,['0902f1ac'
3625675,3625675,3625675.0,,11195989,116.0,0x5bbdcd5fd75ace51704e0fecbf5bef34d1e9efa13c820ee0534832886ad947bc,0xe210330d6768030e816d223836335079c7a0c851,['0902f1ac'
3627723,3627723,3627723.0,,11196014,55.0,0xf9e2775cc9338ff89cf12c4d63bb4220b78f65f384eccc07cc95809184d9909f,0xe210330d6768030e816d223836335079c7a0c851,['0902f1ac'
3639798,3639798,3639798.0,,11246969,20.0,0xd0d4a6d1e96c4d6f1c0bc95afe580ca628064565dff21866352711050340ee80,0xe210330d6768030e816d223836335079c7a0c851,['0902f1ac'
3646280,3646280,3646280.0,,11196277,166.0,0x432ec7b800c35f77be8ca6722a6a433503b659fc0a37d32f0677324d828a0bda,0xe210330d6768030e816d223836335079c7a0c851,['0902f1ac'
3646954,3646954,3646954.0,,11196284,85.0,0x8da3c2a955c0cf3d322a7f57f664a861035c8fff55e01bc2e968747e51c3bd08,0xe210330d6768030e816d223836335079c7a0c851,['0902f1ac'
3668399,3668399,3668399.0,,11196564,58.0,0xd5cc7d4e831bd89d9212c91db1b94c6450a96622c3a47790c4b5fc389968843e,0xe210330d6768030e816d223836335079c7a0c851,['0902f1ac'
3670016,3670016,3670016.0,,11196586,112.0,0x66c2819c8d7d0f11ef2bfffc31b1e8316ae64ab6b2e9a07811344f9d845fb94e,0xe210330d6768030e816d223836335079c7a0c851,['0902f1ac'
3680219,3680219,3680219.0,,11247611,153.0,0xa0a3c500ce059a4607f51c90fec50b3843b3b882aa83d0b7556e4336c8dae89f,0xe210330d6768030e816d223836335079c7a0c851,['0902f1ac'
3687170,3687170,3687170.0,,11196830,78.0,0x4909383385a2991c0305995eaf54ec3294e293c5e3f40be0bac231b5482f097b,0xe210330d6768030e816d223836335079c7a0c851,['0902f1ac'
3687637,3687637,3687637.0,,11196836,147.0,0xe4051fcf0d31c339e5f4ef1e9ef7a0b9df54acb9c99e10e675ae2f601ef4dc9f,0xe210330d6768030e816d223836335079c7a0c851,['0902f1ac'
3692874,3692874,3692874.0,,11297314,29.0,0xe877017de34406708f87150da47425a11a25c71583054cb2bc952fea28d01d98,0xe210330d6768030e816d223836335079c7a0c851,['0902f1ac'
3692875,3692875,3692875.0,,11297314,30.0,0xadbba1a21bbc46e696d6b052687954d09cd41ae41db213db0dbf950312bab8e0,0xe210330d6768030e816d223836335079c7a0c851,['0902f1ac'
3702225,3702225,3702225.0,,11247967,105.0,0x8c9dc61f9ae3bc80508b4f6ef7d6cef48dd232d77dc593be25ad33352c807746,0xe210330d6768030e816d223836335079c7a0c851,['0902f1ac'
3705907,3705907,3705907.0,,11248020,129.0,0xbd5a751291785a993232db360187f2ed6f5f0b650f866a78916733e0f5b14f91,0xe210330d6768030e816d223836335079c7a0c851,['0902f1ac'
3706201,3706201,3706201.0,,11248025,50.0,0xd6c50b5061d16c00b3916f253d140fe23706c387c0b79f8ea9fa0a4f701e44ff,0xe210330d6768030e816d223836335079c7a0c851,['0902f1ac'
3706834,3706834,3706834.0,,11197128,124.0,0xa055fd17f7ad659aa1a76c0aa90e262ff004759d0021c702fdca188cb06c57d2,0xe210330d6768030e816d223836335079c7a0c851,['0902f1ac'
3707052,3707052,3707052.0,,11197130,154.0,0xb16de06fadf6c5a99bd53f193a92c2ae82c9df0274af02adacfec3b21cf7f08c,0xe210330d6768030e816d223836335079c7a0c851,['0902f1ac'
3707592,3707592,3707592.0,,11248041,60.0,0xea1548875013f8372769c0ab52c92e8e63e6e7aa42c2cba3d9fa184cf95d693e,0xe210330d6768030e816d223836335079c7a0c851,['0902f1ac'
3720190,3720190,3720190.0,,11248236,67.0,0xfc09f851e6f87e3665ed2984026c31e669e771b99302172f2769e90ba4e59967,0xe210330d6768030e816d223836335079c7a0c851,['0902f1ac'
3720437,3720437,3720437.0,,11248241,57.0,0x586f2eb2899e50950492fa6cad3e2c1ce6e2a08749b20ace51f6449feb25e4df,0xe210330d6768030e816d223836335079c7a0c851,['0902f1ac'
3726153,3726153,3726153.0,,11197376,133.0,0xdcb56336c5295e6a63d391322db09617d04724b9fb99777974e59f2c7d247619,0xe210330d6768030e816d223836335079c7a0c851,['0902f1ac'
3726330,3726330,3726330.0,,11197379,103.0,0x85bc8cf83104d4f216599ad6fa80f2f1aa101b1c4915560c3304634aab6cb431,0xe210330d6768030e816d223836335079c7a0c851,['0902f1ac'
3736132,3736132,3736132.0,,11248446,22.0,0x4f57df112b684c0fd33c35a68bf3afd362b1edf68a6ee9d083c021e7442c10d7,0xe210330d6768030e816d223836335079c7a0c851,['0902f1ac'
3751287,3751287,3751287.0,,11197677,68.0,0x1f3b7c9fe2c796455486f900b7dd49bf329c06e91629da795330ab489a67b1a3,0xe210330d6768030e816d223836335079c7a0c851,['0902f1ac'
3751388,3751388,3751388.0,,11197678,173.0,0xc587166d2527c7a91efa39edef37a31fc25ebfa4c0e1bdd2388900699f41f86a,0xe210330d6768030e816d223836335079c7a0c851,['0902f1ac'
3751470,3751470,3751470.0,,11197679,136.0,0xfabe961f21c65597fc2669ddb6a878e3738b9cc114c4fb451cca39f994fc1e5b,0xe210330d6768030e816d223836335079c7a0c851,['0902f1ac'
3752237,3752237,3752237.0,,11197685,52.0,0xea1c0283c088bf46ffc6b1eb50087259b3852354cf79f79914ae40dd90301533,0xe210330d6768030e816d223836335079c7a0c851,['0902f1ac'
3772991,3772991,3772991.0,,11248925,72.0,0xd39c46c4e49a9f8f22faa12e3c1a5ecf3ca30c3dad41ca63c71e9ec3386db70e,0xe210330d6768030e816d223836335079c7a0c851,['0902f1ac'
3773077,3773077,3773077.0,,11248927,91.0,0x5e96147d25be858739c46b4e9d2edd310ced21b3ce1772fe68f16f879d7516a9,0xe210330d6768030e816d223836335079c7a0c851,['0902f1ac'
3777017,3777017,3777017.0,,11197966,86.0,0xa4b99c5016834f6e9188f9f3e58278b31071a5f7a41771b52cceaa1dee63ae29,0xe210330d6768030e816d223836335079c7a0c851,['0902f1ac'
3777753,3777753,3777753.0,,11197975,14.0,0x40a7508f8490f579d39dc735c793f3837a0bcd4f3fe8fa8615b994b274931cfa,0xe210330d6768030e816d223836335079c7a0c851,['0902f1ac'
3778162,3778162,3778162.0,,11248989,16.0,0x5ba29eb2d145c42f6f5109a4c856bc662c3cb31ef397cf029176c1cd4bbf09b6,0xe210330d6768030e816d223836335079c7a0c851,['0902f1ac'
3778523,3778523,3778523.0,,11248994,93.0,0x7c04883c33d0027e199441e5ffc6aaa921207d753b682584690b432345a8cb92,0xe210330d6768030e816d223836335079c7a0c851,['0902f1ac'
3796986,3796986,3796986.0,,11198207,125.0,0x01f9da45cc22866ee769e400542430456e01f637fa6a9d4c3fd742ffe4b5b8d5,0xe210330d6768030e816d223836335079c7a0c851,['0902f1ac'
3797074,3797074,3797074.0,,11198208,190.0,0xf2b7bc1ea2ed3dcae1a4bb5849f98e4284cab781b72fe7c32c109fa058aed921,0xe210330d6768030e816d223836335079c7a0c851,['0902f1ac'
3814715,3814715,3814715.0,,11198453,121.0,0x82a5f5932ada20907b9b6befb1e65a69ad57769a9e4bac7d2c2d909bf49afbf2,0xe210330d6768030e816d223836335079c7a0c851,['0902f1ac'
3814776,3814776,3814776.0,,11198454,155.0,0x7cad8c42f9a0d0d846a692754cb555a7c0d0583c3956bf9059c334f8728d7d41,0xe210330d6768030e816d223836335079c7a0c851,['0902f1ac'
3836431,3836431,3836431.0,,11198754,76.0,0xf3c4561d19df66243747f15d2127f5d84e0adca088679eb8e5e0b2d7c3cddcb2,0xe210330d6768030e816d223836335079c7a0c851,['0902f1ac'
3837308,3837308,3837308.0,,11198767,87.0,0x216f236e27201feee56060ec6eef59283a79ed8422fa4335436bee8924c13fea,0xe210330d6768030e816d223836335079c7a0c851,['0902f1ac'
3854154,3854154,3854154.0,,11299502,76.0,0xc59d2824a40baca9d8eb8e3a2200c868bf5c47c7bcbc5a28d296b72fd208f5f7,0xe210330d6768030e816d223836335079c7a0c851,['0902f1ac'
3855071,3855071,3855071.0,,11199008,58.0,0x1f15c9d06b65b354645154c01a7bfab8c1e23ad3e3970778c8b52cbc7d3c5a03,0xe210330d6768030e816d223836335079c7a0c851,['0902f1ac'
3855120,3855120,3855120.0,,11199009,77.0,0x8ae756cde36d01a5ecc6b52235553bfa11f6504db2df54c5255b6678728de4cc,0xe210330d6768030e816d223836335079c7a0c851,['0902f1ac'
3855316,3855316,3855316.0,,11299520,83.0,0xf9af2af393ed62f0004c34fb599a3eb49bfaf39a207c13397b5ca3a2ada0742b,0xe210330d6768030e816d223836335079c7a0c851,['0902f1ac'
3855938,3855938,3855938.0,,11299529,31.0,0xed48076f8d45aafa1ffb328878a7232e20c64c6e80db6c4c6a772143c42de748,0xe210330d6768030e816d223836335079c7a0c851,['0902f1ac'
3857373,3857373,3857373.0,,11299550,72.0,0x9e06deae2ab46b186814e5b7fccbc653567853a45d02f7368ad3355f01fc0171,0xe210330d6768030e816d223836335079c7a0c851,['0902f1ac'
3865094,3865094,3865094.0,,11250194,210.0,0xa8135c77bc0938062fded4866819e1883b89f92e2346b9d55fda8228d4d6b0e5,0xe210330d6768030e816d223836335079c7a0c851,['0902f1ac'
3869238,3869238,3869238.0,,11299736,78.0,0xe3261145d87fa6723eec36abccc7c36e276ac2179145787bced9f7309ae51ad1,0xe210330d6768030e816d223836335079c7a0c851,['0902f1ac'
3877382,3877382,3877382.0,,11250350,52.0,0x6e5caa5901dd02663539613199c1bef734b53b9ee49702011cfa3186260e07b9,0xe210330d6768030e816d223836335079c7a0c851,['0902f1ac'
3877633,3877633,3877633.0,,11199293,23.0,0x309c5c7cdda01c4fd79664fdd359d79e72eb3c7e2379a50c5805be1b79017eb4,0xe210330d6768030e816d223836335079c7a0c851,['0902f1ac'
3877895,3877895,3877895.0,,11199297,75.0,0x3a8d8bd5ba6ec7de14381612e66c2dd2242f666a6c64dc5d062acdd67c14c23a,0xe210330d6768030e816d223836335079c7a0c851,['0902f1ac'
3894029,3894029,3894029.0,,11300071,132.0,0xb5a128b7172dfb98ba461bf4ae82c57ce2e2d70c9458f47faa599cf6ba958312,0xe210330d6768030e816d223836335079c7a0c851,['0902f1ac'
3894236,3894236,3894236.0,,11250574,103.0,0x8e338b5a89b1e69c5b7e951f7c1cb972043ba11e7ca8a35f3b55f8c0b4d2f5bf,0xe210330d6768030e816d223836335079c7a0c851,['0902f1ac'
3900509,3900509,3900509.0,,11199577,43.0,0xa3c877216128b19558972c25a09ca4eee17dd4f628da552ea407c27e850cc9b0,0xe210330d6768030e816d223836335079c7a0c851,['0902f1ac'
3901164,3901164,3901164.0,,11199586,90.0,0x0534cfb699c3a3672c09e3280f439ae3a4cf08e335c4dc6f5e87b2d70a7b3801,0xe210330d6768030e816d223836335079c7a0c851,['0902f1ac'
3920067,3920067,3920067.0,,11199845,44.0,0xc1c5a88b485999e176facfc375e5c1da5d5c063c9c542fe170816854b71002fd,0xe210330d6768030e816d223836335079c7a0c851,['0902f1ac'
3920202,3920202,3920202.0,,11199847,47.0,0x8291500e2809f82f82903c8696db9409b95e09aab7080353ef8caa89245eed8f,0xe210330d6768030e816d223836335079c7a0c851,['0902f1ac'
3921184,3921184,3921184.0,,11250938,54.0,0xd6ee4adf2847a1a0f95f7aeffd7396739fb15bfd23291bf649cc42f332ebc75a,0xe210330d6768030e816d223836335079c7a0c851,['0902f1ac'
3921429,3921429,3921429.0,,11250942,16.0,0x02a713910ee599892f2030d2197b82670604f9a81c248faae4d92f993889d27d,0xe210330d6768030e816d223836335079c7a0c851,['0902f1ac'
3921601,3921601,3921601.0,,11250944,131.0,0x1800b6c8d75936085216f23b589a0965c45096d3b50f553fe16f3aea5c76d142,0xe210330d6768030e816d223836335079c7a0c851,['0902f1ac'
3921694,3921694,3921694.0,,11250945,44.0,0xe21eb1fcc97ca03222e74a5c98846aadcc2276354a5717262651f4d2bee7b018,0xe210330d6768030e816d223836335079c7a0c851,['0902f1ac'
3934799,3934799,3934799.0,,11251137,178.0,0x846a03b0904bbac7ca52d618f90b4b8e6927bc39e1cf2e4a070accb65bc91aa0,0xe210330d6768030e816d223836335079c7a0c851,['0902f1ac'
3934815,3934815,3934815.0,,11300647,132.0,0x8406020c3aafc4570bde3aed4da3d1f5cfc4fe56b7ec754c4b6dffb68b5eb697,0xe210330d6768030e816d223836335079c7a0c851,['0902f1ac'
3936838,3936838,3936838.0,,11251178,17.0,0x94113bbd86feacd791d6f06a0e016b2c224f4db2d8b33c871130608d6f4308a7,0xe210330d6768030e816d223836335079c7a0c851,['0902f1ac'
3949299,3949299,3949299.0,,11251435,38.0,0x4a8f16ce341e257a23cd0306d758e2725287dd46efa6c90cd16ae9a52713c95d,0xe210330d6768030e816d223836335079c7a0c851,['0902f1ac'
3949547,3949547,3949547.0,,11251439,9.0,0x706663c9dafa0917c4a99dab04921a87cd32abea75cf50ab9783c13ed1a87699,0xe210330d6768030e816d223836335079c7a0c851,['0902f1ac'
3961962,3961962,3961962.0,,11251682,124.0,0xc34e9d07c5ba3bc289790be196e143bc2f1ce3d78dd4f443ba510d2df02bf3f4,0xe210330d6768030e816d223836335079c7a0c851,['0902f1ac'
3962100,3962100,3962100.0,,11251684,71.0,0x29c26e92753c7ecd42f697a5011b3d3ad017c2eebed4d32d059d108da5b4b86f,0xe210330d6768030e816d223836335079c7a0c851,['0902f1ac'
3975814,3975814,3975814.0,,11251965,90.0,0xe9d31202032c0bb3e04e49e1c8a639d05430db42f61826183a5b6a5552ef7b4a,0xe210330d6768030e816d223836335079c7a0c851,['0902f1ac'
3975925,3975925,3975925.0,,11251967,42.0,0x30debf70cdf3ac58332f4c3b33be5e75cd4fe649129ea6ca03be824ed103a617,0xe210330d6768030e816d223836335079c7a0c851,['0902f1ac'
3988265,3988265,3988265.0,,11252209,135.0,0xf10a8dc17cc1d0256cce6ff4d602dcd47820c2b49238426834f9952edd8b8afc,0xe210330d6768030e816d223836335079c7a0c851,['0902f1ac'
3988439,3988439,3988439.0,,11252213,25.0,0x49c4fa83082ef752fe6a87faf456e6ae07530a9187f158bd76e7993ca317a200,0xe210330d6768030e816d223836335079c7a0c851,['0902f1ac'
4003255,4003255,4003255.0,,11252507,112.0,0xef5cc62910a9ae7c840433143acad59df3bd10b84608e8952de12ec607fbfe0e,0xe210330d6768030e816d223836335079c7a0c851,['0902f1ac'
4003296,4003296,4003296.0,,11252508,107.0,0x9a0e3c049ba097fa84b065cf7347618f63b4c9d3a9bd913d24c721684a0ed5bc,0xe210330d6768030e816d223836335079c7a0c851,['0902f1ac'
4015368,4015368,4015368.0,,11252763,52.0,0xcab104f1ad3d5c3283e23363489001aaadbbf72c2f96cf4d7cd65feae1bb1e92,0xe210330d6768030e816d223836335079c7a0c851,['0902f1ac'
4015481,4015481,4015481.0,,11252765,79.0,0x0b0f1d6f8909d3c1a1856cd9692dcbdfcbbaa9cbfdc33d2365de2a2eaad642bb,0xe210330d6768030e816d223836335079c7a0c851,['0902f1ac'
4028692,4028692,4028692.0,,11253026,88.0,0x0ca522767b756b51d8d6aeb198c57d7aec2604725dc0b3397f605e11618354a3,0xe210330d6768030e816d223836335079c7a0c851,['0902f1ac'
4028770,4028770,4028770.0,,11253028,56.0,0x0c4e26e45acb53d1ceb325b0577ff3f66c836a7ba5e0b496826024a8b4f4963e,0xe210330d6768030e816d223836335079c7a0c851,['0902f1ac'
4038408,4038408,4038408.0,,11302766,74.0,0x5847ed2642dab83e20d1a07c19cb1a9f18fc69600345633f315ae168ab414fe9,0xe210330d6768030e816d223836335079c7a0c851,['0902f1ac'
4040625,4040625,4040625.0,,11302811,26.0,0x189312867c2974763c151ebb87ee8beac3d2325db00f68a4f58842b46e9697aa,0xe210330d6768030e816d223836335079c7a0c851,['0902f1ac'
4042598,4042598,4042598.0,,11253318,37.0,0x9cbe66e0917ac1c822f7a82e666d67c89a9018d0b938569c9575f75d98b67367,0xe210330d6768030e816d223836335079c7a0c851,['0902f1ac'
4042819,4042819,4042819.0,,11253323,5.0,0xf42024f8c2c029d5b22a36f89e8b122be5b1742f63dc9bde28ddc5a4077ca7f1,0xe210330d6768030e816d223836335079c7a0c851,['0902f1ac'
4053031,4053031,4053031.0,,11253564,94.0,0xdb6b6dff87dc5e6291e859402e7687cfadcd83b26abcee8677584c0542016605,0xe210330d6768030e816d223836335079c7a0c851,['0902f1ac'
4053068,4053068,4053068.0,,11253565,84.0,0x8975ed25d1077e10e3f79c082a92c375a81f24976d991c7b6e4a2e2098710b6a,0xe210330d6768030e816d223836335079c7a0c851,['0902f1ac'
4063718,4063718,4063718.0,,11253841,60.0,0x601ef4a3fa155439b31dfd98ee4b0d97420975e22b3f99830d069eb477f35ac7,0xe210330d6768030e816d223836335079c7a0c851,['0902f1ac'
4063758,4063758,4063758.0,,11253842,78.0,0x2c5a3a2557296fe2e408ae9595f34b6b4d8f3abdda873860b8b757829058c528,0xe210330d6768030e816d223836335079c7a0c851,['0902f1ac'
4075409,4075409,4075409.0,,11254106,33.0,0xc033c5ea84c2d8007b65245b4764c749b0f3aed027c662dca43f9dad4e3e4e99,0xe210330d6768030e816d223836335079c7a0c851,['0902f1ac'
4075446,4075446,4075446.0,,11254107,136.0,0x641f7b3256061214c3bb7ff99353c86018a170c538a53ac8375ebfef69433dfe,0xe210330d6768030e816d223836335079c7a0c851,['0902f1ac'
4105593,4105593,9856.0,,11400285,75.0,0xf503fd1bc01c02f210b851e48b99c6a146e73879ce5d7be95cd503f9a8f95788,0xe210330d6768030e816d223836335079c7a0c851,['0902f1ac'
4107154,4107154,11417.0,,11400324,96.0,0x5c6d6a0c37fd85c4d5bbbea0daca0b73d46a516927d2578fbccf7931c7ab1dd2,0xe210330d6768030e816d223836335079c7a0c851,['0902f1ac'
4107238,4107238,11501.0,,11400326,71.0,0x3397b0ae8ac3139af616550b36545bd4bc67028d98f69206f3df8e9bbf569a24,0xe210330d6768030e816d223836335079c7a0c851,['0902f1ac'
4107302,4107302,11565.0,,11400328,14.0,0x110cfd51924e5c2c18fec85bb61f876382ef130babb668f66ee26169150427a7,0xe210330d6768030e816d223836335079c7a0c851,['0902f1ac'
4141900,4141900,46163.0,,11401234,66.0,0xd121865ae7fac3ad9920b367803d3c9de350476635710156ed67c01627f6340d,0xe210330d6768030e816d223836335079c7a0c851,['0902f1ac'
4141962,4141962,46225.0,,11401236,68.0,0x5825027e44b907459a230464ede34ea61f45ab3311f790ee5f780038cd2eb033,0xe210330d6768030e816d223836335079c7a0c851,['0902f1ac'
4184457,4184457,88720.0,,11402349,78.0,0xe633d7763d050db4e0582bd74d7969880e1cf4b95374f6b4cfb2390eaf50f9ef,0xe210330d6768030e816d223836335079c7a0c851,['0902f1ac'
4184580,4184580,88843.0,,11402353,78.0,0xf26647ee9d3ad1dbfc6d3a0d911c99719fb4ae15b53ba7e0c33253ae8705d878,0xe210330d6768030e816d223836335079c7a0c851,['0902f1ac'
4212135,4212135,116398.0,,11403397,72.0,0x06c3e9b43fa69dab23fb51c98e48a939ea9484d074960c9e111b8bebc26094de,0xe210330d6768030e816d223836335079c7a0c851,['0902f1ac'
4212204,4212204,116467.0,,11403399,105.0,0x19f576d284045dcdc72c47cf95d624203a019a5796098a6dd2ebec7e88cdde04,0xe210330d6768030e816d223836335079c7a0c851,['0902f1ac'
4242901,4242901,147164.0,,11404572,125.0,0xa30b17910b7260c273d16b9c5641ac33f4b386325b75b35b1023966d378ba5f7,0xe210330d6768030e816d223836335079c7a0c851,['0902f1ac'
4243108,4243108,147371.0,,11404579,111.0,0x5384f71d6209afd5945c0a028032133acbfc75416028e582f074325f5a789413,0xe210330d6768030e816d223836335079c7a0c851,['0902f1ac'
4272930,4272930,177193.0,,11405578,65.0,0x54631e653372bb11c52a2c3449a0544da495a03e28312feb90706895ff12d39b,0xe210330d6768030e816d223836335079c7a0c851,['0902f1ac'
4273067,4273067,177330.0,,11405582,127.0,0x7c5b506614cb0910238c83c3a622faa7408142d809364f2544aa0c2d6ac7e553,0xe210330d6768030e816d223836335079c7a0c851,['0902f1ac'
4293258,4293258,197521.0,,11406173,19.0,0xfe71c980d770cd389eeb540fd4874f7187d2ae0a0ab6c05f917f71c67b0005b7,0xe210330d6768030e816d223836335079c7a0c851,['0902f1ac'
4293391,4293391,197654.0,,11406177,218.0,0x9f38f9391d4577351824d4ebcee0f32b5f201d63ca6de9831f43c9e9906d0336,0xe210330d6768030e816d223836335079c7a0c851,['0902f1ac'
4310128,4310128,214391.0,,11406642,45.0,0x46d241b38f2e8de486702fcbd751ba44a399daf0245b8f333279f866bbd6dfe8,0xe210330d6768030e816d223836335079c7a0c851,['0902f1ac'
4310212,4310212,214475.0,,11406644,107.0,0xbf712133f64843ee6e2f76689e12acf3c2128e1e31d7c9e143f1f9b5963d2347,0xe210330d6768030e816d223836335079c7a0c851,['0902f1ac'
4349860,4349860,254123.0,,11407747,133.0,0x4ee5c54ff0d79fbc6f0795bf9b777d41b70d6a2d4738177ce8c21ddb4d8dee0c,0xe210330d6768030e816d223836335079c7a0c851,['0902f1ac'
4349913,4349913,254176.0,,11407749,18.0,0xf85872f4d232ac13f25501db462091eb2e6f99501701267be3ad3834fbd315b8,0xe210330d6768030e816d223836335079c7a0c851,['0902f1ac'
4389748,4389748,294011.0,,11408780,70.0,0xb49a7cc07722262a25dda17a4f301638f93e9b7218566c20c68464da7afbd03f,0xe210330d6768030e816d223836335079c7a0c851,['0902f1ac'
4389827,4389827,294090.0,,11408782,28.0,0x58b84c11e931d948b7f1c05c9a6f90872b081dc28e5b28a309719836cf614f3a,0xe210330d6768030e816d223836335079c7a0c851,['0902f1ac'
4422583,4422583,326846.0,,11409866,82.0,0xabcbdfc0240f065992e4b3ee3d4a843930a18938c8ca187b7b4e06d725f8cef1,0xe210330d6768030e816d223836335079c7a0c851,['0902f1ac'
4423145,4423145,327408.0,,11409885,49.0,0x93ca666ed509a6088fd4c84f4081e3a42d96109ad185a5b28fb4cb8603b86453,0xe210330d6768030e816d223836335079c7a0c851,['0902f1ac'
4461612,4461612,365875.0,,11411258,140.0,0x1522f4dae2bfba29eb47ec96547f54f17bf751244504b9dfb6cc6d5ef9885685,0xe210330d6768030e816d223836335079c7a0c851,['0902f1ac'
4462618,4462618,366881.0,,11411293,151.0,0xa058d91e32be4d77653bdb603107029cff5d6ebe8bf61fd0e631c5d1bffabce7,0xe210330d6768030e816d223836335079c7a0c851,['0902f1ac'
4523565,4523565,427828.0,,11413339,1.0,0x943de778d7c51e51ce694a749db08c110ee92085db07963fbecdd7f50fa8fb35,0xe210330d6768030e816d223836335079c7a0c851,['0902f1ac'
4523637,4523637,427900.0,,11413341,123.0,0x96a7a8409691b2335a481b2873e65660f80277790b751f9ae1c49b6f6596dc93,0xe210330d6768030e816d223836335079c7a0c851,['0902f1ac'
4523700,4523700,427963.0,,11413344,65.0,0xa6a40e0a6e91db28ba1c63d4f153dacea17b13e399697d24fa27820d6083ff08,0xe210330d6768030e816d223836335079c7a0c851,['0902f1ac'
4523842,4523842,428105.0,,11413348,28.0,0xd819686180bba88bee63250a5772710f399ea399d00a9897c82d8398554ff79b,0xe210330d6768030e816d223836335079c7a0c851,['0902f1ac'
4523910,4523910,428173.0,,11413353,5.0,0x3f72d330e4c720bd5e4fcea33dcc6b14110dc69bef8f6193d4bcdc0af10732c4,0xe210330d6768030e816d223836335079c7a0c851,['0902f1ac'
4523991,4523991,428254.0,,11413356,111.0,0x0f3a8701bb3b32d097913e9ffd2949f40863013b5a1ef7576a59e32153ef9293,0xe210330d6768030e816d223836335079c7a0c851,['0902f1ac'
4545928,4545928,9856.0,,11400285,75.0,0xf503fd1bc01c02f210b851e48b99c6a146e73879ce5d7be95cd503f9a8f95788,0xe210330d6768030e816d223836335079c7a0c851,['0902f1ac'
4547489,4547489,11417.0,,11400324,96.0,0x5c6d6a0c37fd85c4d5bbbea0daca0b73d46a516927d2578fbccf7931c7ab1dd2,0xe210330d6768030e816d223836335079c7a0c851,['0902f1ac'
4547573,4547573,11501.0,,11400326,71.0,0x3397b0ae8ac3139af616550b36545bd4bc67028d98f69206f3df8e9bbf569a24,0xe210330d6768030e816d223836335079c7a0c851,['0902f1ac'
4547637,4547637,11565.0,,11400328,14.0,0x110cfd51924e5c2c18fec85bb61f876382ef130babb668f66ee26169150427a7,0xe210330d6768030e816d223836335079c7a0c851,['0902f1ac'
4582235,4582235,46163.0,,11401234,66.0,0xd121865ae7fac3ad9920b367803d3c9de350476635710156ed67c01627f6340d,0xe210330d6768030e816d223836335079c7a0c851,['0902f1ac'
4582297,4582297,46225.0,,11401236,68.0,0x5825027e44b907459a230464ede34ea61f45ab3311f790ee5f780038cd2eb033,0xe210330d6768030e816d223836335079c7a0c851,['0902f1ac'
4624792,4624792,88720.0,,11402349,78.0,0xe633d7763d050db4e0582bd74d7969880e1cf4b95374f6b4cfb2390eaf50f9ef,0xe210330d6768030e816d223836335079c7a0c851,['0902f1ac'
4624915,4624915,88843.0,,11402353,78.0,0xf26647ee9d3ad1dbfc6d3a0d911c99719fb4ae15b53ba7e0c33253ae8705d878,0xe210330d6768030e816d223836335079c7a0c851,['0902f1ac'
4652470,4652470,116398.0,,11403397,72.0,0x06c3e9b43fa69dab23fb51c98e48a939ea9484d074960c9e111b8bebc26094de,0xe210330d6768030e816d223836335079c7a0c851,['0902f1ac'
4652539,4652539,116467.0,,11403399,105.0,0x19f576d284045dcdc72c47cf95d624203a019a5796098a6dd2ebec7e88cdde04,0xe210330d6768030e816d223836335079c7a0c851,['0902f1ac'
4683236,4683236,147164.0,,11404572,125.0,0xa30b17910b7260c273d16b9c5641ac33f4b386325b75b35b1023966d378ba5f7,0xe210330d6768030e816d223836335079c7a0c851,['0902f1ac'
4683443,4683443,147371.0,,11404579,111.0,0x5384f71d6209afd5945c0a028032133acbfc75416028e582f074325f5a789413,0xe210330d6768030e816d223836335079c7a0c851,['0902f1ac'
4713265,4713265,177193.0,,11405578,65.0,0x54631e653372bb11c52a2c3449a0544da495a03e28312feb90706895ff12d39b,0xe210330d6768030e816d223836335079c7a0c851,['0902f1ac'
4713402,4713402,177330.0,,11405582,127.0,0x7c5b506614cb0910238c83c3a622faa7408142d809364f2544aa0c2d6ac7e553,0xe210330d6768030e816d223836335079c7a0c851,['0902f1ac'
4733593,4733593,197521.0,,11406173,19.0,0xfe71c980d770cd389eeb540fd4874f7187d2ae0a0ab6c05f917f71c67b0005b7,0xe210330d6768030e816d223836335079c7a0c851,['0902f1ac'
4733726,4733726,197654.0,,11406177,218.0,0x9f38f9391d4577351824d4ebcee0f32b5f201d63ca6de9831f43c9e9906d0336,0xe210330d6768030e816d223836335079c7a0c851,['0902f1ac'
4750463,4750463,214391.0,,11406642,45.0,0x46d241b38f2e8de486702fcbd751ba44a399daf0245b8f333279f866bbd6dfe8,0xe210330d6768030e816d223836335079c7a0c851,['0902f1ac'
4750547,4750547,214475.0,,11406644,107.0,0xbf712133f64843ee6e2f76689e12acf3c2128e1e31d7c9e143f1f9b5963d2347,0xe210330d6768030e816d223836335079c7a0c851,['0902f1ac'
4790195,4790195,254123.0,,11407747,133.0,0x4ee5c54ff0d79fbc6f0795bf9b777d41b70d6a2d4738177ce8c21ddb4d8dee0c,0xe210330d6768030e816d223836335079c7a0c851,['0902f1ac'
4790248,4790248,254176.0,,11407749,18.0,0xf85872f4d232ac13f25501db462091eb2e6f99501701267be3ad3834fbd315b8,0xe210330d6768030e816d223836335079c7a0c851,['0902f1ac'
4830083,4830083,294011.0,,11408780,70.0,0xb49a7cc07722262a25dda17a4f301638f93e9b7218566c20c68464da7afbd03f,0xe210330d6768030e816d223836335079c7a0c851,['0902f1ac'
4830162,4830162,294090.0,,11408782,28.0,0x58b84c11e931d948b7f1c05c9a6f90872b081dc28e5b28a309719836cf614f3a,0xe210330d6768030e816d223836335079c7a0c851,['0902f1ac'
4862918,4862918,326846.0,,11409866,82.0,0xabcbdfc0240f065992e4b3ee3d4a843930a18938c8ca187b7b4e06d725f8cef1,0xe210330d6768030e816d223836335079c7a0c851,['0902f1ac'
4863480,4863480,327408.0,,11409885,49.0,0x93ca666ed509a6088fd4c84f4081e3a42d96109ad185a5b28fb4cb8603b86453,0xe210330d6768030e816d223836335079c7a0c851,['0902f1ac'
4901947,4901947,365875.0,,11411258,140.0,0x1522f4dae2bfba29eb47ec96547f54f17bf751244504b9dfb6cc6d5ef9885685,0xe210330d6768030e816d223836335079c7a0c851,['0902f1ac'
4902953,4902953,366881.0,,11411293,151.0,0xa058d91e32be4d77653bdb603107029cff5d6ebe8bf61fd0e631c5d1bffabce7,0xe210330d6768030e816d223836335079c7a0c851,['0902f1ac'
4963900,4963900,427828.0,,11413339,1.0,0x943de778d7c51e51ce694a749db08c110ee92085db07963fbecdd7f50fa8fb35,0xe210330d6768030e816d223836335079c7a0c851,['0902f1ac'
4963972,4963972,427900.0,,11413341,123.0,0x96a7a8409691b2335a481b2873e65660f80277790b751f9ae1c49b6f6596dc93,0xe210330d6768030e816d223836335079c7a0c851,['0902f1ac'
4964035,4964035,427963.0,,11413344,65.0,0xa6a40e0a6e91db28ba1c63d4f153dacea17b13e399697d24fa27820d6083ff08,0xe210330d6768030e816d223836335079c7a0c851,['0902f1ac'
4964177,4964177,428105.0,,11413348,28.0,0xd819686180bba88bee63250a5772710f399ea399d00a9897c82d8398554ff79b,0xe210330d6768030e816d223836335079c7a0c851,['0902f1ac'
4964245,4964245,428173.0,,11413353,5.0,0x3f72d330e4c720bd5e4fcea33dcc6b14110dc69bef8f6193d4bcdc0af10732c4,0xe210330d6768030e816d223836335079c7a0c851,['0902f1ac'
4964326,4964326,428254.0,,11413356,111.0,0x0f3a8701bb3b32d097913e9ffd2949f40863013b5a1ef7576a59e32153ef9293,0xe210330d6768030e816d223836335079c7a0c851,['0902f1ac'
4986263,4986263,9856.0,,11400285,75.0,0xf503fd1bc01c02f210b851e48b99c6a146e73879ce5d7be95cd503f9a8f95788,0xe210330d6768030e816d223836335079c7a0c851,['0902f1ac'
4987824,4987824,11417.0,,11400324,96.0,0x5c6d6a0c37fd85c4d5bbbea0daca0b73d46a516927d2578fbccf7931c7ab1dd2,0xe210330d6768030e816d223836335079c7a0c851,['0902f1ac'
4987908,4987908,11501.0,,11400326,71.0,0x3397b0ae8ac3139af616550b36545bd4bc67028d98f69206f3df8e9bbf569a24,0xe210330d6768030e816d223836335079c7a0c851,['0902f1ac'
4987972,4987972,11565.0,,11400328,14.0,0x110cfd51924e5c2c18fec85bb61f876382ef130babb668f66ee26169150427a7,0xe210330d6768030e816d223836335079c7a0c851,['0902f1ac'
5022570,5022570,46163.0,,11401234,66.0,0xd121865ae7fac3ad9920b367803d3c9de350476635710156ed67c01627f6340d,0xe210330d6768030e816d223836335079c7a0c851,['0902f1ac'
5022632,5022632,46225.0,,11401236,68.0,0x5825027e44b907459a230464ede34ea61f45ab3311f790ee5f780038cd2eb033,0xe210330d6768030e816d223836335079c7a0c851,['0902f1ac'
5065127,5065127,88720.0,,11402349,78.0,0xe633d7763d050db4e0582bd74d7969880e1cf4b95374f6b4cfb2390eaf50f9ef,0xe210330d6768030e816d223836335079c7a0c851,['0902f1ac'
5065250,5065250,88843.0,,11402353,78.0,0xf26647ee9d3ad1dbfc6d3a0d911c99719fb4ae15b53ba7e0c33253ae8705d878,0xe210330d6768030e816d223836335079c7a0c851,['0902f1ac'
5092805,5092805,116398.0,,11403397,72.0,0x06c3e9b43fa69dab23fb51c98e48a939ea9484d074960c9e111b8bebc26094de,0xe210330d6768030e816d223836335079c7a0c851,['0902f1ac'
5092874,5092874,116467.0,,11403399,105.0,0x19f576d284045dcdc72c47cf95d624203a019a5796098a6dd2ebec7e88cdde04,0xe210330d6768030e816d223836335079c7a0c851,['0902f1ac'
5123571,5123571,147164.0,,11404572,125.0,0xa30b17910b7260c273d16b9c5641ac33f4b386325b75b35b1023966d378ba5f7,0xe210330d6768030e816d223836335079c7a0c851,['0902f1ac'
5123778,5123778,147371.0,,11404579,111.0,0x5384f71d6209afd5945c0a028032133acbfc75416028e582f074325f5a789413,0xe210330d6768030e816d223836335079c7a0c851,['0902f1ac'
5153600,5153600,177193.0,,11405578,65.0,0x54631e653372bb11c52a2c3449a0544da495a03e28312feb90706895ff12d39b,0xe210330d6768030e816d223836335079c7a0c851,['0902f1ac'
5153737,5153737,177330.0,,11405582,127.0,0x7c5b506614cb0910238c83c3a622faa7408142d809364f2544aa0c2d6ac7e553,0xe210330d6768030e816d223836335079c7a0c851,['0902f1ac'
5173928,5173928,197521.0,,11406173,19.0,0xfe71c980d770cd389eeb540fd4874f7187d2ae0a0ab6c05f917f71c67b0005b7,0xe210330d6768030e816d223836335079c7a0c851,['0902f1ac'
5174061,5174061,197654.0,,11406177,218.0,0x9f38f9391d4577351824d4ebcee0f32b5f201d63ca6de9831f43c9e9906d0336,0xe210330d6768030e816d223836335079c7a0c851,['0902f1ac'
5190798,5190798,214391.0,,11406642,45.0,0x46d241b38f2e8de486702fcbd751ba44a399daf0245b8f333279f866bbd6dfe8,0xe210330d6768030e816d223836335079c7a0c851,['0902f1ac'
5190882,5190882,214475.0,,11406644,107.0,0xbf712133f64843ee6e2f76689e12acf3c2128e1e31d7c9e143f1f9b5963d2347,0xe210330d6768030e816d223836335079c7a0c851,['0902f1ac'
5230530,5230530,254123.0,,11407747,133.0,0x4ee5c54ff0d79fbc6f0795bf9b777d41b70d6a2d4738177ce8c21ddb4d8dee0c,0xe210330d6768030e816d223836335079c7a0c851,['0902f1ac'
5230583,5230583,254176.0,,11407749,18.0,0xf85872f4d232ac13f25501db462091eb2e6f99501701267be3ad3834fbd315b8,0xe210330d6768030e816d223836335079c7a0c851,['0902f1ac'
5270418,5270418,294011.0,,11408780,70.0,0xb49a7cc07722262a25dda17a4f301638f93e9b7218566c20c68464da7afbd03f,0xe210330d6768030e816d223836335079c7a0c851,['0902f1ac'
5270497,5270497,294090.0,,11408782,28.0,0x58b84c11e931d948b7f1c05c9a6f90872b081dc28e5b28a309719836cf614f3a,0xe210330d6768030e816d223836335079c7a0c851,['0902f1ac'
5303253,5303253,326846.0,,11409866,82.0,0xabcbdfc0240f065992e4b3ee3d4a843930a18938c8ca187b7b4e06d725f8cef1,0xe210330d6768030e816d223836335079c7a0c851,['0902f1ac'
5303815,5303815,327408.0,,11409885,49.0,0x93ca666ed509a6088fd4c84f4081e3a42d96109ad185a5b28fb4cb8603b86453,0xe210330d6768030e816d223836335079c7a0c851,['0902f1ac'
5342282,5342282,365875.0,,11411258,140.0,0x1522f4dae2bfba29eb47ec96547f54f17bf751244504b9dfb6cc6d5ef9885685,0xe210330d6768030e816d223836335079c7a0c851,['0902f1ac'
5343288,5343288,366881.0,,11411293,151.0,0xa058d91e32be4d77653bdb603107029cff5d6ebe8bf61fd0e631c5d1bffabce7,0xe210330d6768030e816d223836335079c7a0c851,['0902f1ac'
5404235,5404235,427828.0,,11413339,1.0,0x943de778d7c51e51ce694a749db08c110ee92085db07963fbecdd7f50fa8fb35,0xe210330d6768030e816d223836335079c7a0c851,['0902f1ac'
5404307,5404307,427900.0,,11413341,123.0,0x96a7a8409691b2335a481b2873e65660f80277790b751f9ae1c49b6f6596dc93,0xe210330d6768030e816d223836335079c7a0c851,['0902f1ac'
5404370,5404370,427963.0,,11413344,65.0,0xa6a40e0a6e91db28ba1c63d4f153dacea17b13e399697d24fa27820d6083ff08,0xe210330d6768030e816d223836335079c7a0c851,['0902f1ac'
5404512,5404512,428105.0,,11413348,28.0,0xd819686180bba88bee63250a5772710f399ea399d00a9897c82d8398554ff79b,0xe210330d6768030e816d223836335079c7a0c851,['0902f1ac'
5404580,5404580,428173.0,,11413353,5.0,0x3f72d330e4c720bd5e4fcea33dcc6b14110dc69bef8f6193d4bcdc0af10732c4,0xe210330d6768030e816d223836335079c7a0c851,['0902f1ac'
5404661,5404661,428254.0,,11413356,111.0,0x0f3a8701bb3b32d097913e9ffd2949f40863013b5a1ef7576a59e32153ef9293,0xe210330d6768030e816d223836335079c7a0c851,['0902f1ac'
5426598,5426598,9856.0,,11400285,75.0,0xf503fd1bc01c02f210b851e48b99c6a146e73879ce5d7be95cd503f9a8f95788,0xe210330d6768030e816d223836335079c7a0c851,['0902f1ac'
5428159,5428159,11417.0,,11400324,96.0,0x5c6d6a0c37fd85c4d5bbbea0daca0b73d46a516927d2578fbccf7931c7ab1dd2,0xe210330d6768030e816d223836335079c7a0c851,['0902f1ac'
5428243,5428243,11501.0,,11400326,71.0,0x3397b0ae8ac3139af616550b36545bd4bc67028d98f69206f3df8e9bbf569a24,0xe210330d6768030e816d223836335079c7a0c851,['0902f1ac'
5428307,5428307,11565.0,,11400328,14.0,0x110cfd51924e5c2c18fec85bb61f876382ef130babb668f66ee26169150427a7,0xe210330d6768030e816d223836335079c7a0c851,['0902f1ac'
5462905,5462905,46163.0,,11401234,66.0,0xd121865ae7fac3ad9920b367803d3c9de350476635710156ed67c01627f6340d,0xe210330d6768030e816d223836335079c7a0c851,['0902f1ac'
5462967,5462967,46225.0,,11401236,68.0,0x5825027e44b907459a230464ede34ea61f45ab3311f790ee5f780038cd2eb033,0xe210330d6768030e816d223836335079c7a0c851,['0902f1ac'
5505462,5505462,88720.0,,11402349,78.0,0xe633d7763d050db4e0582bd74d7969880e1cf4b95374f6b4cfb2390eaf50f9ef,0xe210330d6768030e816d223836335079c7a0c851,['0902f1ac'
5505585,5505585,88843.0,,11402353,78.0,0xf26647ee9d3ad1dbfc6d3a0d911c99719fb4ae15b53ba7e0c33253ae8705d878,0xe210330d6768030e816d223836335079c7a0c851,['0902f1ac'
5533140,5533140,116398.0,,11403397,72.0,0x06c3e9b43fa69dab23fb51c98e48a939ea9484d074960c9e111b8bebc26094de,0xe210330d6768030e816d223836335079c7a0c851,['0902f1ac'
5533209,5533209,116467.0,,11403399,105.0,0x19f576d284045dcdc72c47cf95d624203a019a5796098a6dd2ebec7e88cdde04,0xe210330d6768030e816d223836335079c7a0c851,['0902f1ac'
5563906,5563906,147164.0,,11404572,125.0,0xa30b17910b7260c273d16b9c5641ac33f4b386325b75b35b1023966d378ba5f7,0xe210330d6768030e816d223836335079c7a0c851,['0902f1ac'
5564113,5564113,147371.0,,11404579,111.0,0x5384f71d6209afd5945c0a028032133acbfc75416028e582f074325f5a789413,0xe210330d6768030e816d223836335079c7a0c851,['0902f1ac'
5593935,5593935,177193.0,,11405578,65.0,0x54631e653372bb11c52a2c3449a0544da495a03e28312feb90706895ff12d39b,0xe210330d6768030e816d223836335079c7a0c851,['0902f1ac'
5594072,5594072,177330.0,,11405582,127.0,0x7c5b506614cb0910238c83c3a622faa7408142d809364f2544aa0c2d6ac7e553,0xe210330d6768030e816d223836335079c7a0c851,['0902f1ac'
5614263,5614263,197521.0,,11406173,19.0,0xfe71c980d770cd389eeb540fd4874f7187d2ae0a0ab6c05f917f71c67b0005b7,0xe210330d6768030e816d223836335079c7a0c851,['0902f1ac'
5614396,5614396,197654.0,,11406177,218.0,0x9f38f9391d4577351824d4ebcee0f32b5f201d63ca6de9831f43c9e9906d0336,0xe210330d6768030e816d223836335079c7a0c851,['0902f1ac'
5631133,5631133,214391.0,,11406642,45.0,0x46d241b38f2e8de486702fcbd751ba44a399daf0245b8f333279f866bbd6dfe8,0xe210330d6768030e816d223836335079c7a0c851,['0902f1ac'
5631217,5631217,214475.0,,11406644,107.0,0xbf712133f64843ee6e2f76689e12acf3c2128e1e31d7c9e143f1f9b5963d2347,0xe210330d6768030e816d223836335079c7a0c851,['0902f1ac'
5670865,5670865,254123.0,,11407747,133.0,0x4ee5c54ff0d79fbc6f0795bf9b777d41b70d6a2d4738177ce8c21ddb4d8dee0c,0xe210330d6768030e816d223836335079c7a0c851,['0902f1ac'
5670918,5670918,254176.0,,11407749,18.0,0xf85872f4d232ac13f25501db462091eb2e6f99501701267be3ad3834fbd315b8,0xe210330d6768030e816d223836335079c7a0c851,['0902f1ac'
5710753,5710753,294011.0,,11408780,70.0,0xb49a7cc07722262a25dda17a4f301638f93e9b7218566c20c68464da7afbd03f,0xe210330d6768030e816d223836335079c7a0c851,['0902f1ac'
5710832,5710832,294090.0,,11408782,28.0,0x58b84c11e931d948b7f1c05c9a6f90872b081dc28e5b28a309719836cf614f3a,0xe210330d6768030e816d223836335079c7a0c851,['0902f1ac'
5743588,5743588,326846.0,,11409866,82.0,0xabcbdfc0240f065992e4b3ee3d4a843930a18938c8ca187b7b4e06d725f8cef1,0xe210330d6768030e816d223836335079c7a0c851,['0902f1ac'
5744150,5744150,327408.0,,11409885,49.0,0x93ca666ed509a6088fd4c84f4081e3a42d96109ad185a5b28fb4cb8603b86453,0xe210330d6768030e816d223836335079c7a0c851,['0902f1ac'
5782617,5782617,365875.0,,11411258,140.0,0x1522f4dae2bfba29eb47ec96547f54f17bf751244504b9dfb6cc6d5ef9885685,0xe210330d6768030e816d223836335079c7a0c851,['0902f1ac'
5783623,5783623,366881.0,,11411293,151.0,0xa058d91e32be4d77653bdb603107029cff5d6ebe8bf61fd0e631c5d1bffabce7,0xe210330d6768030e816d223836335079c7a0c851,['0902f1ac'
5844570,5844570,427828.0,,11413339,1.0,0x943de778d7c51e51ce694a749db08c110ee92085db07963fbecdd7f50fa8fb35,0xe210330d6768030e816d223836335079c7a0c851,['0902f1ac'
5844642,5844642,427900.0,,11413341,123.0,0x96a7a8409691b2335a481b2873e65660f80277790b751f9ae1c49b6f6596dc93,0xe210330d6768030e816d223836335079c7a0c851,['0902f1ac'
5844705,5844705,427963.0,,11413344,65.0,0xa6a40e0a6e91db28ba1c63d4f153dacea17b13e399697d24fa27820d6083ff08,0xe210330d6768030e816d223836335079c7a0c851,['0902f1ac'
5844847,5844847,428105.0,,11413348,28.0,0xd819686180bba88bee63250a5772710f399ea399d00a9897c82d8398554ff79b,0xe210330d6768030e816d223836335079c7a0c851,['0902f1ac'
5844915,5844915,428173.0,,11413353,5.0,0x3f72d330e4c720bd5e4fcea33dcc6b14110dc69bef8f6193d4bcdc0af10732c4,0xe210330d6768030e816d223836335079c7a0c851,['0902f1ac'
5844996,5844996,428254.0,,11413356,111.0,0x0f3a8701bb3b32d097913e9ffd2949f40863013b5a1ef7576a59e32153ef9293,0xe210330d6768030e816d223836335079c7a0c851,['0902f1ac'
5866933,5866933,9856.0,,11400285,75.0,0xf503fd1bc01c02f210b851e48b99c6a146e73879ce5d7be95cd503f9a8f95788,0xe210330d6768030e816d223836335079c7a0c851,['0902f1ac'
5868494,5868494,11417.0,,11400324,96.0,0x5c6d6a0c37fd85c4d5bbbea0daca0b73d46a516927d2578fbccf7931c7ab1dd2,0xe210330d6768030e816d223836335079c7a0c851,['0902f1ac'
5868578,5868578,11501.0,,11400326,71.0,0x3397b0ae8ac3139af616550b36545bd4bc67028d98f69206f3df8e9bbf569a24,0xe210330d6768030e816d223836335079c7a0c851,['0902f1ac'
5868642,5868642,11565.0,,11400328,14.0,0x110cfd51924e5c2c18fec85bb61f876382ef130babb668f66ee26169150427a7,0xe210330d6768030e816d223836335079c7a0c851,['0902f1ac'
5903240,5903240,46163.0,,11401234,66.0,0xd121865ae7fac3ad9920b367803d3c9de350476635710156ed67c01627f6340d,0xe210330d6768030e816d223836335079c7a0c851,['0902f1ac'
5903302,5903302,46225.0,,11401236,68.0,0x5825027e44b907459a230464ede34ea61f45ab3311f790ee5f780038cd2eb033,0xe210330d6768030e816d223836335079c7a0c851,['0902f1ac'
5945797,5945797,88720.0,,11402349,78.0,0xe633d7763d050db4e0582bd74d7969880e1cf4b95374f6b4cfb2390eaf50f9ef,0xe210330d6768030e816d223836335079c7a0c851,['0902f1ac'
5945920,5945920,88843.0,,11402353,78.0,0xf26647ee9d3ad1dbfc6d3a0d911c99719fb4ae15b53ba7e0c33253ae8705d878,0xe210330d6768030e816d223836335079c7a0c851,['0902f1ac'
5973475,5973475,116398.0,,11403397,72.0,0x06c3e9b43fa69dab23fb51c98e48a939ea9484d074960c9e111b8bebc26094de,0xe210330d6768030e816d223836335079c7a0c851,['0902f1ac'
5973544,5973544,116467.0,,11403399,105.0,0x19f576d284045dcdc72c47cf95d624203a019a5796098a6dd2ebec7e88cdde04,0xe210330d6768030e816d223836335079c7a0c851,['0902f1ac'
6004241,6004241,147164.0,,11404572,125.0,0xa30b17910b7260c273d16b9c5641ac33f4b386325b75b35b1023966d378ba5f7,0xe210330d6768030e816d223836335079c7a0c851,['0902f1ac'
6004448,6004448,147371.0,,11404579,111.0,0x5384f71d6209afd5945c0a028032133acbfc75416028e582f074325f5a789413,0xe210330d6768030e816d223836335079c7a0c851,['0902f1ac'
6034270,6034270,177193.0,,11405578,65.0,0x54631e653372bb11c52a2c3449a0544da495a03e28312feb90706895ff12d39b,0xe210330d6768030e816d223836335079c7a0c851,['0902f1ac'
6034407,6034407,177330.0,,11405582,127.0,0x7c5b506614cb0910238c83c3a622faa7408142d809364f2544aa0c2d6ac7e553,0xe210330d6768030e816d223836335079c7a0c851,['0902f1ac'
6054598,6054598,197521.0,,11406173,19.0,0xfe71c980d770cd389eeb540fd4874f7187d2ae0a0ab6c05f917f71c67b0005b7,0xe210330d6768030e816d223836335079c7a0c851,['0902f1ac'
6054731,6054731,197654.0,,11406177,218.0,0x9f38f9391d4577351824d4ebcee0f32b5f201d63ca6de9831f43c9e9906d0336,0xe210330d6768030e816d223836335079c7a0c851,['0902f1ac'
6071468,6071468,214391.0,,11406642,45.0,0x46d241b38f2e8de486702fcbd751ba44a399daf0245b8f333279f866bbd6dfe8,0xe210330d6768030e816d223836335079c7a0c851,['0902f1ac'
6071552,6071552,214475.0,,11406644,107.0,0xbf712133f64843ee6e2f76689e12acf3c2128e1e31d7c9e143f1f9b5963d2347,0xe210330d6768030e816d223836335079c7a0c851,['0902f1ac'
6111200,6111200,254123.0,,11407747,133.0,0x4ee5c54ff0d79fbc6f0795bf9b777d41b70d6a2d4738177ce8c21ddb4d8dee0c,0xe210330d6768030e816d223836335079c7a0c851,['0902f1ac'
6111253,6111253,254176.0,,11407749,18.0,0xf85872f4d232ac13f25501db462091eb2e6f99501701267be3ad3834fbd315b8,0xe210330d6768030e816d223836335079c7a0c851,['0902f1ac'
6151088,6151088,294011.0,,11408780,70.0,0xb49a7cc07722262a25dda17a4f301638f93e9b7218566c20c68464da7afbd03f,0xe210330d6768030e816d223836335079c7a0c851,['0902f1ac'
6151167,6151167,294090.0,,11408782,28.0,0x58b84c11e931d948b7f1c05c9a6f90872b081dc28e5b28a309719836cf614f3a,0xe210330d6768030e816d223836335079c7a0c851,['0902f1ac'
6183923,6183923,326846.0,,11409866,82.0,0xabcbdfc0240f065992e4b3ee3d4a843930a18938c8ca187b7b4e06d725f8cef1,0xe210330d6768030e816d223836335079c7a0c851,['0902f1ac'
6184485,6184485,327408.0,,11409885,49.0,0x93ca666ed509a6088fd4c84f4081e3a42d96109ad185a5b28fb4cb8603b86453,0xe210330d6768030e816d223836335079c7a0c851,['0902f1ac'
6222952,6222952,365875.0,,11411258,140.0,0x1522f4dae2bfba29eb47ec96547f54f17bf751244504b9dfb6cc6d5ef9885685,0xe210330d6768030e816d223836335079c7a0c851,['0902f1ac'
6223958,6223958,366881.0,,11411293,151.0,0xa058d91e32be4d77653bdb603107029cff5d6ebe8bf61fd0e631c5d1bffabce7,0xe210330d6768030e816d223836335079c7a0c851,['0902f1ac'
6284905,6284905,427828.0,,11413339,1.0,0x943de778d7c51e51ce694a749db08c110ee92085db07963fbecdd7f50fa8fb35,0xe210330d6768030e816d223836335079c7a0c851,['0902f1ac'
6284977,6284977,427900.0,,11413341,123.0,0x96a7a8409691b2335a481b2873e65660f80277790b751f9ae1c49b6f6596dc93,0xe210330d6768030e816d223836335079c7a0c851,['0902f1ac'
6285040,6285040,427963.0,,11413344,65.0,0xa6a40e0a6e91db28ba1c63d4f153dacea17b13e399697d24fa27820d6083ff08,0xe210330d6768030e816d223836335079c7a0c851,['0902f1ac'
6285182,6285182,428105.0,,11413348,28.0,0xd819686180bba88bee63250a5772710f399ea399d00a9897c82d8398554ff79b,0xe210330d6768030e816d223836335079c7a0c851,['0902f1ac'
6285250,6285250,428173.0,,11413353,5.0,0x3f72d330e4c720bd5e4fcea33dcc6b14110dc69bef8f6193d4bcdc0af10732c4,0xe210330d6768030e816d223836335079c7a0c851,['0902f1ac'
6285331,6285331,428254.0,,11413356,111.0,0x0f3a8701bb3b32d097913e9ffd2949f40863013b5a1ef7576a59e32153ef9293,0xe210330d6768030e816d223836335079c7a0c851,['0902f1ac'
6307268,6307268,9856.0,,11400285,75.0,0xf503fd1bc01c02f210b851e48b99c6a146e73879ce5d7be95cd503f9a8f95788,0xe210330d6768030e816d223836335079c7a0c851,['0902f1ac'
6308829,6308829,11417.0,,11400324,96.0,0x5c6d6a0c37fd85c4d5bbbea0daca0b73d46a516927d2578fbccf7931c7ab1dd2,0xe210330d6768030e816d223836335079c7a0c851,['0902f1ac'
6308913,6308913,11501.0,,11400326,71.0,0x3397b0ae8ac3139af616550b36545bd4bc67028d98f69206f3df8e9bbf569a24,0xe210330d6768030e816d223836335079c7a0c851,['0902f1ac'
6308977,6308977,11565.0,,11400328,14.0,0x110cfd51924e5c2c18fec85bb61f876382ef130babb668f66ee26169150427a7,0xe210330d6768030e816d223836335079c7a0c851,['0902f1ac'
6343575,6343575,46163.0,,11401234,66.0,0xd121865ae7fac3ad9920b367803d3c9de350476635710156ed67c01627f6340d,0xe210330d6768030e816d223836335079c7a0c851,['0902f1ac'
6343637,6343637,46225.0,,11401236,68.0,0x5825027e44b907459a230464ede34ea61f45ab3311f790ee5f780038cd2eb033,0xe210330d6768030e816d223836335079c7a0c851,['0902f1ac'
6386132,6386132,88720.0,,11402349,78.0,0xe633d7763d050db4e0582bd74d7969880e1cf4b95374f6b4cfb2390eaf50f9ef,0xe210330d6768030e816d223836335079c7a0c851,['0902f1ac'
6386255,6386255,88843.0,,11402353,78.0,0xf26647ee9d3ad1dbfc6d3a0d911c99719fb4ae15b53ba7e0c33253ae8705d878,0xe210330d6768030e816d223836335079c7a0c851,['0902f1ac'
6413810,6413810,116398.0,,11403397,72.0,0x06c3e9b43fa69dab23fb51c98e48a939ea9484d074960c9e111b8bebc26094de,0xe210330d6768030e816d223836335079c7a0c851,['0902f1ac'
6413879,6413879,116467.0,,11403399,105.0,0x19f576d284045dcdc72c47cf95d624203a019a5796098a6dd2ebec7e88cdde04,0xe210330d6768030e816d223836335079c7a0c851,['0902f1ac'
6444576,6444576,147164.0,,11404572,125.0,0xa30b17910b7260c273d16b9c5641ac33f4b386325b75b35b1023966d378ba5f7,0xe210330d6768030e816d223836335079c7a0c851,['0902f1ac'
6444783,6444783,147371.0,,11404579,111.0,0x5384f71d6209afd5945c0a028032133acbfc75416028e582f074325f5a789413,0xe210330d6768030e816d223836335079c7a0c851,['0902f1ac'
6474605,6474605,177193.0,,11405578,65.0,0x54631e653372bb11c52a2c3449a0544da495a03e28312feb90706895ff12d39b,0xe210330d6768030e816d223836335079c7a0c851,['0902f1ac'
6474742,6474742,177330.0,,11405582,127.0,0x7c5b506614cb0910238c83c3a622faa7408142d809364f2544aa0c2d6ac7e553,0xe210330d6768030e816d223836335079c7a0c851,['0902f1ac'
6494933,6494933,197521.0,,11406173,19.0,0xfe71c980d770cd389eeb540fd4874f7187d2ae0a0ab6c05f917f71c67b0005b7,0xe210330d6768030e816d223836335079c7a0c851,['0902f1ac'
6495066,6495066,197654.0,,11406177,218.0,0x9f38f9391d4577351824d4ebcee0f32b5f201d63ca6de9831f43c9e9906d0336,0xe210330d6768030e816d223836335079c7a0c851,['0902f1ac'
6511803,6511803,214391.0,,11406642,45.0,0x46d241b38f2e8de486702fcbd751ba44a399daf0245b8f333279f866bbd6dfe8,0xe210330d6768030e816d223836335079c7a0c851,['0902f1ac'
6511887,6511887,214475.0,,11406644,107.0,0xbf712133f64843ee6e2f76689e12acf3c2128e1e31d7c9e143f1f9b5963d2347,0xe210330d6768030e816d223836335079c7a0c851,['0902f1ac'
6551535,6551535,254123.0,,11407747,133.0,0x4ee5c54ff0d79fbc6f0795bf9b777d41b70d6a2d4738177ce8c21ddb4d8dee0c,0xe210330d6768030e816d223836335079c7a0c851,['0902f1ac'
6551588,6551588,254176.0,,11407749,18.0,0xf85872f4d232ac13f25501db462091eb2e6f99501701267be3ad3834fbd315b8,0xe210330d6768030e816d223836335079c7a0c851,['0902f1ac'
6591423,6591423,294011.0,,11408780,70.0,0xb49a7cc07722262a25dda17a4f301638f93e9b7218566c20c68464da7afbd03f,0xe210330d6768030e816d223836335079c7a0c851,['0902f1ac'
6591502,6591502,294090.0,,11408782,28.0,0x58b84c11e931d948b7f1c05c9a6f90872b081dc28e5b28a309719836cf614f3a,0xe210330d6768030e816d223836335079c7a0c851,['0902f1ac'
6624258,6624258,326846.0,,11409866,82.0,0xabcbdfc0240f065992e4b3ee3d4a843930a18938c8ca187b7b4e06d725f8cef1,0xe210330d6768030e816d223836335079c7a0c851,['0902f1ac'
6624820,6624820,327408.0,,11409885,49.0,0x93ca666ed509a6088fd4c84f4081e3a42d96109ad185a5b28fb4cb8603b86453,0xe210330d6768030e816d223836335079c7a0c851,['0902f1ac'
6663287,6663287,365875.0,,11411258,140.0,0x1522f4dae2bfba29eb47ec96547f54f17bf751244504b9dfb6cc6d5ef9885685,0xe210330d6768030e816d223836335079c7a0c851,['0902f1ac'
6664293,6664293,366881.0,,11411293,151.0,0xa058d91e32be4d77653bdb603107029cff5d6ebe8bf61fd0e631c5d1bffabce7,0xe210330d6768030e816d223836335079c7a0c851,['0902f1ac'
6725240,6725240,427828.0,,11413339,1.0,0x943de778d7c51e51ce694a749db08c110ee92085db07963fbecdd7f50fa8fb35,0xe210330d6768030e816d223836335079c7a0c851,['0902f1ac'
6725312,6725312,427900.0,,11413341,123.0,0x96a7a8409691b2335a481b2873e65660f80277790b751f9ae1c49b6f6596dc93,0xe210330d6768030e816d223836335079c7a0c851,['0902f1ac'
6725375,6725375,427963.0,,11413344,65.0,0xa6a40e0a6e91db28ba1c63d4f153dacea17b13e399697d24fa27820d6083ff08,0xe210330d6768030e816d223836335079c7a0c851,['0902f1ac'
6725517,6725517,428105.0,,11413348,28.0,0xd819686180bba88bee63250a5772710f399ea399d00a9897c82d8398554ff79b,0xe210330d6768030e816d223836335079c7a0c851,['0902f1ac'
6725585,6725585,428173.0,,11413353,5.0,0x3f72d330e4c720bd5e4fcea33dcc6b14110dc69bef8f6193d4bcdc0af10732c4,0xe210330d6768030e816d223836335079c7a0c851,['0902f1ac'
6725666,6725666,428254.0,,11413356,111.0,0x0f3a8701bb3b32d097913e9ffd2949f40863013b5a1ef7576a59e32153ef9293,0xe210330d6768030e816d223836335079c7a0c851,['0902f1ac'
6747603,9856,,,11400285,75.0,0xf503fd1bc01c02f210b851e48b99c6a146e73879ce5d7be95cd503f9a8f95788,0xe210330d6768030e816d223836335079c7a0c851,['0902f1ac'
6749164,11417,,,11400324,96.0,0x5c6d6a0c37fd85c4d5bbbea0daca0b73d46a516927d2578fbccf7931c7ab1dd2,0xe210330d6768030e816d223836335079c7a0c851,['0902f1ac'
6749248,11501,,,11400326,71.0,0x3397b0ae8ac3139af616550b36545bd4bc67028d98f69206f3df8e9bbf569a24,0xe210330d6768030e816d223836335079c7a0c851,['0902f1ac'
6749312,11565,,,11400328,14.0,0x110cfd51924e5c2c18fec85bb61f876382ef130babb668f66ee26169150427a7,0xe210330d6768030e816d223836335079c7a0c851,['0902f1ac'
6783910,46163,,,11401234,66.0,0xd121865ae7fac3ad9920b367803d3c9de350476635710156ed67c01627f6340d,0xe210330d6768030e816d223836335079c7a0c851,['0902f1ac'
6783972,46225,,,11401236,68.0,0x5825027e44b907459a230464ede34ea61f45ab3311f790ee5f780038cd2eb033,0xe210330d6768030e816d223836335079c7a0c851,['0902f1ac'
6826467,88720,,,11402349,78.0,0xe633d7763d050db4e0582bd74d7969880e1cf4b95374f6b4cfb2390eaf50f9ef,0xe210330d6768030e816d223836335079c7a0c851,['0902f1ac'
6826590,88843,,,11402353,78.0,0xf26647ee9d3ad1dbfc6d3a0d911c99719fb4ae15b53ba7e0c33253ae8705d878,0xe210330d6768030e816d223836335079c7a0c851,['0902f1ac'
6854145,116398,,,11403397,72.0,0x06c3e9b43fa69dab23fb51c98e48a939ea9484d074960c9e111b8bebc26094de,0xe210330d6768030e816d223836335079c7a0c851,['0902f1ac'
6854214,116467,,,11403399,105.0,0x19f576d284045dcdc72c47cf95d624203a019a5796098a6dd2ebec7e88cdde04,0xe210330d6768030e816d223836335079c7a0c851,['0902f1ac'
6884911,147164,,,11404572,125.0,0xa30b17910b7260c273d16b9c5641ac33f4b386325b75b35b1023966d378ba5f7,0xe210330d6768030e816d223836335079c7a0c851,['0902f1ac'
6885118,147371,,,11404579,111.0,0x5384f71d6209afd5945c0a028032133acbfc75416028e582f074325f5a789413,0xe210330d6768030e816d223836335079c7a0c851,['0902f1ac'
6914940,177193,,,11405578,65.0,0x54631e653372bb11c52a2c3449a0544da495a03e28312feb90706895ff12d39b,0xe210330d6768030e816d223836335079c7a0c851,['0902f1ac'
6915077,177330,,,11405582,127.0,0x7c5b506614cb0910238c83c3a622faa7408142d809364f2544aa0c2d6ac7e553,0xe210330d6768030e816d223836335079c7a0c851,['0902f1ac'
6935268,197521,,,11406173,19.0,0xfe71c980d770cd389eeb540fd4874f7187d2ae0a0ab6c05f917f71c67b0005b7,0xe210330d6768030e816d223836335079c7a0c851,['0902f1ac'
6935401,197654,,,11406177,218.0,0x9f38f9391d4577351824d4ebcee0f32b5f201d63ca6de9831f43c9e9906d0336,0xe210330d6768030e816d223836335079c7a0c851,['0902f1ac'
6952138,214391,,,11406642,45.0,0x46d241b38f2e8de486702fcbd751ba44a399daf0245b8f333279f866bbd6dfe8,0xe210330d6768030e816d223836335079c7a0c851,['0902f1ac'
6952222,214475,,,11406644,107.0,0xbf712133f64843ee6e2f76689e12acf3c2128e1e31d7c9e143f1f9b5963d2347,0xe210330d6768030e816d223836335079c7a0c851,['0902f1ac'
6991870,254123,,,11407747,133.0,0x4ee5c54ff0d79fbc6f0795bf9b777d41b70d6a2d4738177ce8c21ddb4d8dee0c,0xe210330d6768030e816d223836335079c7a0c851,['0902f1ac'
6991923,254176,,,11407749,18.0,0xf85872f4d232ac13f25501db462091eb2e6f99501701267be3ad3834fbd315b8,0xe210330d6768030e816d223836335079c7a0c851,['0902f1ac'
7031758,294011,,,11408780,70.0,0xb49a7cc07722262a25dda17a4f301638f93e9b7218566c20c68464da7afbd03f,0xe210330d6768030e816d223836335079c7a0c851,['0902f1ac'
7031837,294090,,,11408782,28.0,0x58b84c11e931d948b7f1c05c9a6f90872b081dc28e5b28a309719836cf614f3a,0xe210330d6768030e816d223836335079c7a0c851,['0902f1ac'
7064593,326846,,,11409866,82.0,0xabcbdfc0240f065992e4b3ee3d4a843930a18938c8ca187b7b4e06d725f8cef1,0xe210330d6768030e816d223836335079c7a0c851,['0902f1ac'
7065155,327408,,,11409885,49.0,0x93ca666ed509a6088fd4c84f4081e3a42d96109ad185a5b28fb4cb8603b86453,0xe210330d6768030e816d223836335079c7a0c851,['0902f1ac'
7103622,365875,,,11411258,140.0,0x1522f4dae2bfba29eb47ec96547f54f17bf751244504b9dfb6cc6d5ef9885685,0xe210330d6768030e816d223836335079c7a0c851,['0902f1ac'
7104628,366881,,,11411293,151.0,0xa058d91e32be4d77653bdb603107029cff5d6ebe8bf61fd0e631c5d1bffabce7,0xe210330d6768030e816d223836335079c7a0c851,['0902f1ac'
7165575,427828,,,11413339,1.0,0x943de778d7c51e51ce694a749db08c110ee92085db07963fbecdd7f50fa8fb35,0xe210330d6768030e816d223836335079c7a0c851,['0902f1ac'
7165647,427900,,,11413341,123.0,0x96a7a8409691b2335a481b2873e65660f80277790b751f9ae1c49b6f6596dc93,0xe210330d6768030e816d223836335079c7a0c851,['0902f1ac'
7165710,427963,,,11413344,65.0,0xa6a40e0a6e91db28ba1c63d4f153dacea17b13e399697d24fa27820d6083ff08,0xe210330d6768030e816d223836335079c7a0c851,['0902f1ac'
7165852,428105,,,11413348,28.0,0xd819686180bba88bee63250a5772710f399ea399d00a9897c82d8398554ff79b,0xe210330d6768030e816d223836335079c7a0c851,['0902f1ac'
7165920,428173,,,11413353,5.0,0x3f72d330e4c720bd5e4fcea33dcc6b14110dc69bef8f6193d4bcdc0af10732c4,0xe210330d6768030e816d223836335079c7a0c851,['0902f1ac'
7166001,428254,,,11413356,111.0,0x0f3a8701bb3b32d097913e9ffd2949f40863013b5a1ef7576a59e32153ef9293,0xe210330d6768030e816d223836335079c7a0c851,['0902f1ac'
7194494,456747,,,11414178,57.0,0xe5ca13c56a26936ebaf48e02e255f56fbe9cfb1db04a698bbae09e345c1ef150,0xe210330d6768030e816d223836335079c7a0c851,['0902f1ac'
7194678,456931,,,11414183,78.0,0xe4953d8dde007e9613d4ea055fbc4582b141638d8453d407e4da90db6cb5037a,0xe210330d6768030e816d223836335079c7a0c851,['0902f1ac'
7249010,511263,,,11415448,76.0,0x6fd645dae6f78ff54399597bb0d2821f3357444037c635eefaaeab923344df6b,0xe210330d6768030e816d223836335079c7a0c851,['0902f1ac'
7249796,512049,,,11415480,97.0,0xf26223a1de0c3e64756475fd7e14abbb82ede196e3d715a31e6ce4ac6208ef2f,0xe210330d6768030e816d223836335079c7a0c851,['0902f1ac'
7281676,543929,,,11416570,54.0,0xabb414f68cdeb914f2a7f56e3bb5a35026d5034a343783fa75960e32ffa6287c,0xe210330d6768030e816d223836335079c7a0c851,['0902f1ac'
7417675,679928,,,11420945,101.0,0xa58bfc279adad448394330cd7ecfc539807f376e1035bc7dbdff4d3f859d1ef2,0xe210330d6768030e816d223836335079c7a0c851,['0902f1ac'
